  -3.9800000000000000        4.0014698355621463E-008
  -3.9600000000000000        8.0117619251220414E-008
  -3.9399999999999999        1.2039719595670496E-007
  -3.9199999999999999        1.6094225126023396E-007
  -3.8999999999999999        2.0184219333640483E-007
  -3.8799999999999999        2.4318721290523205E-007
  -3.8599999999999999        2.8506848211668254E-007
  -3.8399999999999999        3.2757835559933927E-007
  -3.8199999999999998        3.7081057411653626E-007
  -3.7999999999999998        4.1486047127905846E-007
  -3.7799999999999998        4.5982518377023888E-007
  -3.7599999999999998        5.0580386554703202E-007
  -3.7400000000000002        5.5289790648940882E-007
  -3.7199999999999998        6.0121115598022790E-007
  -3.7000000000000002        6.5085015190861087E-007
  -3.6800000000000002        7.0192435560180743E-007
  -3.6600000000000001        7.5454639320361050E-007
  -3.6400000000000001        8.0883230403159630E-007
  -3.6200000000000001        8.6490179646085350E-007
  -3.6000000000000001        9.2287851189846316E-007
  -3.5800000000000001        9.8289029743083103E-007
  -3.5600000000000001        1.0450694877450999E-006
  -3.5400000000000000        1.1095531969463198E-006
  -3.5200000000000000        1.1764836209138750E-006
  -3.5000000000000000        1.2460083508639067E-006
  -3.4800000000000000        1.3182806988091831E-006
  -3.4600000000000000        1.3934600356341023E-006
  -3.4399999999999999        1.4717121425303310E-006
  -3.4199999999999999        1.5532095765680466E-006
  -3.3999999999999999        1.6381320512089179E-006
  -3.3799999999999999        1.7266668325999105E-006
  -3.3599999999999999        1.8190091525218024E-006
  -3.3399999999999999        1.9153626389030173E-006
  -3.3199999999999998        2.0159397648481221E-006
  -3.2999999999999998        2.1209623171711605E-006
  -3.2800000000000002        2.2306618854670012E-006
  -3.2599999999999998        2.3452803727991766E-006
  -3.2400000000000002        2.4650705291303474E-006
  -3.2199999999999998        2.5902965086716836E-006
  -3.2000000000000002        2.7212344523801924E-006
  -3.1799999999999997        2.8581730968884832E-006
  -3.1600000000000001        3.0014144112097415E-006
  -3.1400000000000001        3.1512742626219274E-006
  -3.1200000000000001        3.3080831131995650E-006
  -3.1000000000000001        3.4721867485290578E-006
  -3.0800000000000001        3.6439470402144331E-006
  -3.0600000000000001        3.8237427438549155E-006
  -3.0400000000000000        4.0119703342539397E-006
  -3.0200000000000000        4.2090448797012803E-006
  -3.0000000000000000        4.4154009572561005E-006
  -2.9800000000000000        4.6314936110490731E-006
  -2.9600000000000000        4.8577993557164863E-006
  -2.9399999999999999        5.0948172271786086E-006
  -2.9199999999999999        5.3430698830787578E-006
  -2.8999999999999999        5.6031047553086293E-006
  -2.8799999999999999        5.8754952571597055E-006
  -2.8599999999999999        6.1608420477600928E-006
  -2.8399999999999999        6.4597743565809936E-006
  -2.8200000000000003        6.7729513709271824E-006
  -2.7999999999999998        7.1010636894611870E-006
  -2.7800000000000002        7.4448348449508843E-006
  -2.7599999999999998        7.8050228995741206E-006
  -2.7400000000000002        8.1824221162603067E-006
  -2.7199999999999998        8.5778647096952059E-006
  -2.7000000000000002        8.9922226807573832E-006
  -2.6799999999999997        9.4264097382864865E-006
  -2.6600000000000001        9.8813833121943555E-006
  -2.6399999999999997        1.0358146662003564E-005
  -2.6200000000000001        1.0857751084908587E-005
  -2.5999999999999996        1.1381298227361771E-005
  -2.5800000000000001        1.1929942503925990E-005
  -2.5600000000000001        1.2504893626608539E-005
  -2.5400000000000000        1.3107419246940195E-005
  -2.5200000000000000        1.3738847711444958E-005
  -2.5000000000000000        1.4400570928477502E-005
  -2.4800000000000000        1.5094047340089295E-005
  -2.4600000000000000        1.5820804985687372E-005
  -2.4399999999999999        1.6582444633315323E-005
  -2.4199999999999999        1.7380642937143510E-005
  -2.3999999999999999        1.8217155552670424E-005
  -2.3799999999999999        1.9093820098721193E-005
  -2.3599999999999999        2.0012558789089948E-005
  -2.3399999999999999        2.0975380453537802E-005
  -2.3200000000000003        2.1984381507867945E-005
  -2.2999999999999998        2.3041745185855024E-005
  -2.2800000000000002        2.4149737967401674E-005
  -2.2599999999999998        2.5310701563690154E-005
  -2.2400000000000002        2.6527037964879062E-005
  -2.2199999999999998        2.7801183813537566E-005
  -2.2000000000000002        2.9135568637099902E-005
  -2.1799999999999997        3.0532549234259579E-005
  -2.1600000000000001        3.1994310001727134E-005
  -2.1399999999999997        3.3522717071774472E-005
  -2.1200000000000001        3.5119114892381640E-005
  -2.0999999999999996        3.6784061249185376E-005
  -2.0800000000000001        3.8517016140715897E-005
  -2.0600000000000001        4.0316034812322484E-005
  -2.0400000000000000        4.2177558327201068E-005
  -2.0200000000000000        4.4096418797127646E-005
  -2.0000000000000000        4.6066140787754463E-005
  -1.9800000000000000        4.8079513053698170E-005
  -1.9600000000000000        5.0129280801954850E-005
  -1.9399999999999999        5.2208759330984611E-005
  -1.9199999999999999        5.4312229521812551E-005
  -1.8999999999999999        5.6435087447147882E-005
  -1.8799999999999999        5.8573805080562461E-005
  -1.8599999999999999        6.0725785862838859E-005
  -1.8399999999999999        6.2889184632729218E-005
  -1.8199999999999998        6.5062734250519443E-005
  -1.7999999999999998        6.7245598105298874E-005
  -1.7799999999999998        6.9437253276081388E-005
  -1.7599999999999998        7.1637401994951424E-005
  -1.7399999999999998        7.3845906461069761E-005
  -1.7199999999999998        7.6062741758420180E-005
  -1.6999999999999997        7.8287962289857286E-005
  -1.6800000000000002        8.0521678062736192E-005
  -1.6600000000000001        8.2764038042131019E-005
  -1.6400000000000001        8.5015218520328323E-005
  -1.6200000000000001        8.7275415020342156E-005
  -1.6000000000000001        8.9544836676134389E-005
  -1.5800000000000001        9.1823702341941826E-005
  -1.5600000000000001        9.4112237905344075E-005
  -1.5400000000000000        9.6410674436503736E-005
  -1.5200000000000000        9.8719246917249655E-005
  -1.5000000000000000        1.0103819337169145E-004
  -1.4800000000000000        1.0336775427456651E-004
  -1.4600000000000000        1.0570817215150387E-004
  -1.4399999999999999        1.0805969131179701E-004
  -1.4199999999999999        1.1042255767260545E-004
  -1.3999999999999999        1.1279701864620666E-004
  -1.3799999999999999        1.1518332307071174E-004
  -1.3599999999999999        1.1758172117073744E-004
  -1.3399999999999999        1.1999246453872647E-004
  -1.3199999999999998        1.2241580613050654E-004
  -1.2999999999999998        1.2485200027067739E-004
  -1.2799999999999998        1.2730130266479264E-004
  -1.2599999999999998        1.2976397041625245E-004
  -1.2399999999999998        1.3224026204647558E-004
  -1.2199999999999998        1.3473043751736875E-004
  -1.1999999999999997        1.3723475825542020E-004
  -1.1800000000000002        1.3975348717695630E-004
  -1.1600000000000001        1.4228688871424611E-004
  -1.1400000000000001        1.4483522884223854E-004
  -1.1200000000000001        1.4739877510578552E-004
  -1.1000000000000001        1.4997779664725202E-004
  -1.0800000000000001        1.5257256423444529E-004
  -1.0600000000000001        1.5518335028881863E-004
  -1.0400000000000000        1.5781042891391980E-004
  -1.0200000000000000        1.6045407592406435E-004
  -1.0000000000000000        1.6311456887322192E-004
 -0.97999999999999998        1.6579218708410757E-004
 -0.95999999999999996        1.6848721167747447E-004
 -0.93999999999999995        1.7119992560160591E-004
 -0.91999999999999993        1.7393061366200626E-004
 -0.89999999999999991        1.7667956255129188E-004
 -0.87999999999999989        1.7944706087928366E-004
 -0.85999999999999988        1.8223339920330289E-004
 -0.83999999999999986        1.8503887005867341E-004
 -0.81999999999999984        1.8786376798943225E-004
 -0.79999999999999982        1.9070838957925210E-004
 -0.77999999999999980        1.9357303348257828E-004
 -0.75999999999999979        1.9645800045598350E-004
 -0.73999999999999977        1.9936359338974360E-004
 -0.71999999999999975        2.0229011733963734E-004
 -0.69999999999999973        2.0523787955897376E-004
 -0.67999999999999972        2.0820718953085032E-004
 -0.66000000000000014        2.1119835900064511E-004
 -0.64000000000000012        2.1421170200874669E-004
 -0.62000000000000011        2.1724753492352494E-004
 -0.60000000000000009        2.2030617647454616E-004
 -0.58000000000000007        2.2338794778603631E-004
 -0.56000000000000005        2.2649317241059549E-004
 -0.54000000000000004        2.2962217636316747E-004
 -0.52000000000000002        2.3277528815526769E-004
 -0.50000000000000000        2.3595283882947349E-004
 -0.47999999999999998        2.3915516199417991E-004
 -0.45999999999999996        2.4238259385862495E-004
 -0.43999999999999995        2.4563547326818795E-004
 -0.41999999999999993        2.4891414173996469E-004
 -0.39999999999999991        2.5221894349862289E-004
 -0.37999999999999989        2.5555022551254218E-004
 -0.35999999999999988        2.5890833753024201E-004
 -0.33999999999999986        2.6229363211710126E-004
 -0.31999999999999984        2.6570646469237415E-004
 -0.29999999999999982        2.6914719356650502E-004
 -0.27999999999999980        2.7261617997874734E-004
 -0.25999999999999979        2.7611378813508977E-004
 -0.23999999999999977        2.7964038524649394E-004
 -0.21999999999999975        2.8319634156744744E-004
 -0.19999999999999973        2.8678203043483675E-004
 -0.17999999999999972        2.9039782830714343E-004
 -0.16000000000000014        2.9404411480396823E-004
 -0.14000000000000012        2.9772127274588705E-004
 -0.12000000000000011        3.0142968819464285E-004
 -0.10000000000000009        3.0516975049367810E-004
  -8.0000000000000071E-002   3.0894185230901153E-004
  -6.0000000000000053E-002   3.1274638967046384E-004
  -4.0000000000000036E-002   3.1658376201323653E-004
  -2.0000000000000018E-002   3.2045437221984828E-004
   0.0000000000000000        3.2435862666243317E-004
   2.0000000000000462E-002   3.2829693524540548E-004
   4.0000000000000036E-002   3.3226971144849517E-004
   6.0000000000000497E-002   3.3627737237015864E-004
   8.0000000000000071E-002   3.4032033877136981E-004
   9.9999999999999645E-002   3.4439903511979521E-004
  0.12000000000000011        3.4851388963435864E-004
  0.13999999999999968        3.5266533433019943E-004
  0.16000000000000014        3.5685380506402940E-004
  0.17999999999999972        3.6107974157989313E-004
  0.20000000000000018        3.6534358755533616E-004
  0.21999999999999975        3.6964579064798652E-004
  0.24000000000000021        3.7398680254255382E-004
  0.25999999999999979        3.7836707899825130E-004
  0.28000000000000025        3.8278707989664550E-004
  0.29999999999999982        3.8724726928993905E-004
  0.32000000000000028        3.9174811544969085E-004
  0.33999999999999986        3.9629009091597981E-004
  0.36000000000000032        4.0087367254701617E-004
  0.37999999999999989        4.0549934156920665E-004
  0.40000000000000036        4.1016758362767783E-004
  0.41999999999999993        4.1487888883726381E-004
  0.44000000000000039        4.1963375183396275E-004
  0.45999999999999996        4.2443267182686853E-004
  0.48000000000000043        4.2927615265058214E-004
  0.50000000000000000        4.3416470281810884E-004
  0.52000000000000046        4.3909883557424664E-004
  0.54000000000000004        4.4407906894947130E-004
  0.56000000000000050        4.4910592581432407E-004
  0.58000000000000007        4.5417993393430742E-004
  0.60000000000000053        4.5930162602529466E-004
  0.62000000000000011        4.6447153980945933E-004
  0.63999999999999968        4.6969021807173047E-004
  0.66000000000000014        4.7495820871677904E-004
  0.67999999999999972        4.8027606482654221E-004
  0.70000000000000018        4.8564434471829110E-004
  0.71999999999999975        4.9106361200324834E-004
  0.74000000000000021        4.9653443564576173E-004
  0.75999999999999979        5.0205739002304000E-004
  0.78000000000000025        5.0763305498545690E-004
  0.79999999999999982        5.1326201591743133E-004
  0.82000000000000028        5.1894486379888813E-004
  0.83999999999999986        5.2468219526730856E-004
  0.86000000000000032        5.3047461268037601E-004
  0.87999999999999989        5.3632272417922493E-004
  0.90000000000000036        5.4222714375230156E-004
  0.91999999999999993        5.4818849129984414E-004
  0.94000000000000039        5.5420739269899347E-004
  0.95999999999999996        5.6028447986954544E-004
  0.98000000000000043        5.6642039084035822E-004
   1.0000000000000000        5.7261576981643375E-004
   1.0200000000000005        5.7887126724669570E-004
   1.0400000000000000        5.8518753989249554E-004
   1.0600000000000005        5.9156525089689143E-004
   1.0800000000000001        5.9800506985476290E-004
   1.1000000000000005        6.0450767288385205E-004
   1.1200000000000001        6.1107374269686674E-004
   1.1399999999999997        6.1770396867484340E-004
   1.1600000000000001        6.2439904694206675E-004
   1.1799999999999997        6.3115968044298804E-004
   1.2000000000000002        6.3798657902180587E-004
   1.2199999999999998        6.4488045950570737E-004
   1.2400000000000002        6.5184204579326721E-004
   1.2599999999999998        6.5887206895026316E-004
   1.2800000000000002        6.6597126731630571E-004
   1.2999999999999998        6.7314038662740264E-004
   1.3200000000000003        6.8038018016217442E-004
   1.3399999999999999        6.8769140892335138E-004
   1.3600000000000003        6.9507484187208274E-004
   1.3799999999999999        7.0253125624148403E-004
   1.4000000000000004        7.1006143796926210E-004
   1.4199999999999999        7.1766618230947508E-004
   1.4400000000000004        7.2534629471396653E-004
   1.4600000000000000        7.3310259211996093E-004
   1.4800000000000004        7.4093590484956796E-004
   1.5000000000000000        7.4884707943132748E-004
   1.5200000000000005        7.5683698281123104E-004
   1.5400000000000000        7.6490650865764127E-004
   1.5600000000000005        7.7305658682144912E-004
   1.5800000000000001        7.8128819755007080E-004
   1.6000000000000005        7.8960239286200175E-004
   1.6200000000000001        7.9800032870277679E-004
   1.6399999999999997        8.0648331332422083E-004
   1.6600000000000001        8.1505288005320937E-004
   1.6799999999999997        8.2371089667621577E-004
   1.7000000000000002        8.3245972968150773E-004
   1.7199999999999998        8.4130249043517418E-004
   1.7400000000000002        8.5024340316487820E-004
   1.7599999999999998        8.5928835277079786E-004
   1.7800000000000002        8.6844569533290011E-004
   1.7999999999999998        8.7772744625590714E-004
   1.8200000000000003        8.8715099800819016E-004
   1.8399999999999999        8.9674155218392667E-004
   1.8600000000000003        9.0653545570833867E-004
   1.8799999999999999        9.1658456057936680E-004
   1.9000000000000004        9.2696150246259715E-004
   1.9199999999999999        9.3776532834658085E-004
   1.9400000000000004        9.4912618990026165E-004
   1.9600000000000000        9.6120710344772559E-004
   1.9800000000000004        9.7420067920864488E-004
   2.0000000000000000        9.8831993527647875E-004
   2.0200000000000005        1.0037847376525887E-003
   2.0400000000000000        1.0208076106645234E-003
   2.0600000000000005        1.0395829136297609E-003
   2.0800000000000001        1.0602815105792039E-003
   2.1000000000000005        1.0830506239212557E-003
   2.1200000000000001        1.1080171060414399E-003
   2.1400000000000006        1.1352921980599343E-003
   2.1600000000000001        1.1649764025652761E-003
   2.1799999999999997        1.1971637619100496E-003
   2.2000000000000002        1.2319453127662015E-003
   2.2199999999999998        1.2694117464282010E-003
   2.2400000000000002        1.3096554080586752E-003
   2.2599999999999998        1.3527717876524810E-003
   2.2800000000000002        1.3988606387345069E-003
   2.2999999999999998        1.4480268332950014E-003
   2.3200000000000003        1.5003810346152322E-003
   2.3399999999999999        1.5560402474087236E-003
   2.3600000000000003        1.6151282876954575E-003
   2.3799999999999999        1.6777762023678605E-003
   2.4000000000000004        1.7441226595151364E-003
   2.4199999999999999        1.8143143243271240E-003
   2.4400000000000004        1.8885062310577906E-003
   2.4600000000000000        1.9668621585323992E-003
   2.4800000000000004        2.0495550146258563E-003
   2.5000000000000000        2.1367672337353249E-003
   2.5200000000000005        2.2286911903168483E-003
   2.5400000000000000        2.3255296309140252E-003
   2.5600000000000005        2.4274961266803944E-003
   2.5800000000000001        2.5348155481198535E-003
   2.6000000000000005        2.6477245635955476E-003
   2.6200000000000001        2.7664721630559063E-003
   2.6400000000000006        2.8913202083753653E-003
   2.6600000000000001        3.0225440116920161E-003
   2.6799999999999997        3.1604329431348232E-003
   2.7000000000000002        3.3052910693622236E-003
   2.7199999999999998        3.4574378243770803E-003
   2.7400000000000002        3.6172087141369156E-003
   2.7599999999999998        3.7849560565408557E-003
   2.7800000000000002        3.9610497584443944E-003
   2.7999999999999998        4.1458781314288855E-003
   2.8200000000000003        4.3398487481340862E-003
   2.8399999999999999        4.5433893410486668E-003
   2.8600000000000003        4.7569487457452654E-003
   2.8799999999999999        4.9809978906432692E-003
   2.9000000000000004        5.2160308354841489E-003
   2.9199999999999999        5.4625658608109078E-003
   2.9400000000000004        5.7211466108552100E-003
   2.9600000000000000        5.9923432923531857E-003
   2.9800000000000004        6.2767539319340147E-003
   3.0000000000000000        6.5750056948543833E-003
   3.0200000000000005        6.8877562679870840E-003
   3.0400000000000000        7.2156953101136165E-003
   3.0600000000000005        7.5595459727190294E-003
   3.0800000000000001        7.9200664946426549E-003
   3.1000000000000005        8.2980518741012331E-003
   3.1200000000000001        8.6943356217715050E-003
   3.1400000000000006        9.1097915987981212E-003
   3.1600000000000001        9.5453359437799243E-003
   3.1799999999999997        1.0001929092983919E-002
   3.2000000000000002        1.0480577898241784E-002
   3.2199999999999998        1.0982337847199194E-002
   3.2400000000000002        1.1508315390813923E-002
   3.2599999999999998        1.2059670383235174E-002
   3.2800000000000002        1.2637618639444443E-002
   3.2999999999999998        1.3243434616297850E-002
   3.3200000000000003        1.3878454222882020E-002
   3.3399999999999999        1.4544077766380750E-002
   3.3600000000000003        1.5241773039948499E-002
   3.3799999999999999        1.5973078559399910E-002
   3.4000000000000004        1.6739606955852707E-002
   3.4199999999999999        1.7543048531805210E-002
   3.4400000000000004        1.8385174988490158E-002
   3.4600000000000000        1.9267843332724122E-002
   3.4800000000000004        2.0192999971867701E-002
   3.5000000000000000        2.1162685005926440E-002
   3.5200000000000005        2.2179036726257175E-002
   3.5400000000000000        2.3244296330800045E-002
   3.5600000000000005        2.4360812866233966E-002
   3.5800000000000001        2.5531048407953668E-002
   3.6000000000000005        2.6757583489290904E-002
   3.6200000000000001        2.8043122791952008E-002
   3.6400000000000006        2.9390501110220010E-002
   3.6600000000000001        3.0802689602073226E-002
   3.6799999999999997        3.2282802341004904E-002
   3.7000000000000002        3.3834103182991591E-002
   3.7199999999999998        3.5460012963752903E-002
   3.7400000000000002        3.7164117042173567E-002
   3.7599999999999998        3.8950173206522172E-002
   3.7800000000000002        4.0822119960900814E-002
   3.7999999999999998        4.2784085210198497E-002
   3.8200000000000003        4.4840395362699820E-002
   3.8399999999999999        4.6995584870421450E-002
   3.8600000000000003        4.9254406228214205E-002
   3.8799999999999999        5.1621840453680096E-002
   3.9000000000000004        5.4103108071014108E-002
   3.9199999999999999        5.6703680622991540E-002
   3.9400000000000004        5.9429292736486512E-002
   3.9600000000000000        6.2285954768127774E-002
   3.9800000000000004        6.5279966057977257E-002
   4.0000000000000000        6.8417928820457552E-002
 
 
  -3.9800000000000000        4.0014348394773332E-008
  -3.9600000000000000        8.0114818039651559E-008
  -3.9399999999999999        1.2038773099734647E-007
  -3.9199999999999999        1.6091978050654729E-007
  -3.8999999999999999        2.0179821760158849E-007
  -3.8799999999999999        2.4311103893278166E-007
  -3.8599999999999999        2.8494717619172182E-007
  -3.8399999999999999        3.2739668754933303E-007
  -3.8199999999999998        3.7055095151875040E-007
  -3.7999999999999998        4.1450286366035633E-007
  -3.7799999999999998        4.5934703655240550E-007
  -3.7599999999999998        5.0518000345770361E-007
  -3.7400000000000002        5.5210042612476005E-007
  -3.7199999999999998        6.0020930717073598E-007
  -3.7000000000000002        6.4961020750337036E-007
  -3.6800000000000002        7.0040946924991500E-007
  -3.6600000000000001        7.5271644467296296E-007
  -3.6400000000000001        8.0664373156594301E-007
  -3.6200000000000001        8.6230741563500047E-007
  -3.6000000000000001        9.1982732038902420E-007
  -3.5800000000000001        9.7932726507574105E-007
  -3.5600000000000001        1.0409353312191204E-006
  -3.5400000000000000        1.1047841383318453E-006
  -3.5200000000000000        1.1710111293963578E-006
  -3.5000000000000000        1.2397588667290150E-006
  -3.4800000000000000        1.3111753388642425E-006
  -3.4600000000000000        1.3854142791192912E-006
  -3.4399999999999999        1.4626354965253546E-006
  -3.4199999999999999        1.5430052198374152E-006
  -3.3999999999999999        1.6266964553633473E-006
  -3.3799999999999999        1.7138893593825508E-006
  -3.3599999999999999        1.8047716259557955E-006
  -3.3399999999999999        1.8995388909610860E-006
  -3.3199999999999998        1.9983951532252878E-006
  -3.2999999999999998        2.1015532136580543E-006
  -3.2800000000000002        2.2092351333333488E-006
  -3.2599999999999998        2.3216727115046380E-006
  -3.2400000000000002        2.4391079845827496E-006
  -3.2199999999999998        2.5617937471505038E-006
  -3.2000000000000002        2.6899940961356721E-006
  -3.1799999999999997        2.8239849993136625E-006
  -3.1600000000000001        2.9640548893637031E-006
  -3.1400000000000001        3.1105052847573002E-006
  -3.1200000000000001        3.2636514388155115E-006
  -3.1000000000000001        3.4238230183321932E-006
  -3.0800000000000001        3.5913648132240357E-006
  -3.0600000000000001        3.7666374787349619E-006
  -3.0400000000000000        3.9500183117925428E-006
  -3.0200000000000000        4.1419020631875598E-006
  -3.0000000000000000        4.3427017873249233E-006
  -2.9800000000000000        4.5528497313749806E-006
  -2.9600000000000000        4.7727982657389391E-006
  -2.9399999999999999        5.0030208578309444E-006
  -2.9199999999999999        5.2440130912723273E-006
  -2.8999999999999999        5.4962937326909366E-006
  -2.8799999999999999        5.7604058484203613E-006
  -2.8599999999999999        6.0369179735003462E-006
  -2.8399999999999999        6.3264253354908736E-006
  -2.8200000000000003        6.6295511357281386E-006
  -2.7999999999999998        6.9469478907708282E-006
  -2.7800000000000002        7.2792988369092377E-006
  -2.7599999999999998        7.6273194007370075E-006
  -2.7400000000000002        7.9917587389141860E-006
  -2.7199999999999998        8.3734013503785121E-006
  -2.7000000000000002        8.7730687643853251E-006
  -2.6799999999999997        9.1916213078690165E-006
  -2.6600000000000001        9.6299599557104800E-006
  -2.6399999999999997        1.0089028267549638E-005
  -2.6200000000000001        1.0569814414774926E-005
  -2.5999999999999996        1.1073353301213350E-005
  -2.5800000000000001        1.1600728780773907E-005
  -2.5600000000000001        1.2153075974767485E-005
  -2.5400000000000000        1.2731583690687189E-005
  -2.5200000000000000        1.3337496942648774E-005
  -2.5000000000000000        1.3972119571093299E-005
  -2.4800000000000000        1.4636816955168357E-005
  -2.4600000000000000        1.5333018804532313E-005
  -2.4399999999999999        1.6062222006768207E-005
  -2.4199999999999999        1.6825993489968426E-005
  -2.3999999999999999        1.7625973033964913E-005
  -2.3799999999999999        1.8463875922866173E-005
  -2.3599999999999999        1.9341495267877636E-005
  -2.3399999999999999        2.0260703730298748E-005
  -2.3200000000000003        2.1223454220993415E-005
  -2.2999999999999998        2.2231778915716924E-005
  -2.2800000000000002        2.3287785562898855E-005
  -2.2599999999999998        2.4393649510948411E-005
  -2.2400000000000002        2.5551599063454767E-005
  -2.2199999999999998        2.6763890582409835E-005
  -2.2000000000000002        2.8032768106842923E-005
  -2.1799999999999997        2.9360400119089232E-005
  -2.1600000000000001        3.0748783704759669E-005
  -2.1399999999999997        3.2199604545610717E-005
  -2.1200000000000001        3.3714041956989650E-005
  -2.0999999999999996        3.5292515293110333E-005
  -2.0800000000000001        3.6934386683721558E-005
  -2.0600000000000001        3.8637668477962739E-005
  -2.0400000000000000        4.0398824889600543E-005
  -2.0200000000000000        4.2212779778153068E-005
  -2.0000000000000000        4.4073208029589441E-005
  -1.9800000000000000        4.5973085007095122E-005
  -1.9600000000000000        4.7905350076744282E-005
  -1.9399999999999999        4.9863493516082987E-005
  -1.9199999999999999        5.1841933708686520E-005
  -1.8999999999999999        5.3836158706859304E-005
  -1.8799999999999999        5.5842687178666446E-005
  -1.8599999999999999        5.7858929117573257E-005
  -1.8399999999999999        5.9883012849736672E-005
  -1.8199999999999998        6.1913618764009894E-005
  -1.7999999999999998        6.3949838026146924E-005
  -1.7799999999999998        6.5991060754411280E-005
  -1.7599999999999998        6.8036891344059634E-005
  -1.7399999999999998        7.0087086163688985E-005
  -1.7199999999999998        7.2141508579957891E-005
  -1.6999999999999997        7.4200096909369772E-005
  -1.6800000000000002        7.6262841785354891E-005
  -1.6600000000000001        7.8329770275358486E-005
  -1.6400000000000001        8.0400934785650595E-005
  -1.6200000000000001        8.2476405336957549E-005
  -1.6000000000000001        8.4556264200900030E-005
  -1.5800000000000001        8.6640602183550092E-005
  -1.5600000000000001        8.8729516054891660E-005
  -1.5400000000000000        9.0823106773735206E-005
  -1.5200000000000000        9.2921478263850032E-005
  -1.5000000000000000        9.5024736571522434E-005
  -1.4800000000000000        9.7132989286731857E-005
  -1.4600000000000000        9.9246345146334857E-005
  -1.4399999999999999        1.0136491376279698E-004
  -1.4199999999999999        1.0348880543945673E-004
  -1.3999999999999999        1.0561813104538677E-004
  -1.3799999999999999        1.0775300193127465E-004
  -1.3599999999999999        1.0989352987351949E-004
  -1.3399999999999999        1.1203982703772753E-004
  -1.3199999999999998        1.1419200595553834E-004
  -1.2999999999999998        1.1635017951060891E-004
  -1.2799999999999998        1.1851446093088703E-004
  -1.2599999999999998        1.2068496378520391E-004
  -1.2399999999999998        1.2286180198283335E-004
  -1.2199999999999998        1.2504508977508936E-004
  -1.1999999999999997        1.2723494175832572E-004
  -1.1800000000000002        1.2943147287790142E-004
  -1.1600000000000001        1.3163479843281272E-004
  -1.1400000000000001        1.3384503408078784E-004
  -1.1200000000000001        1.3606229584370362E-004
  -1.1000000000000001        1.3828670011322908E-004
  -1.0800000000000001        1.4051836365662997E-004
  -1.0600000000000001        1.4275740362268999E-004
  -1.0400000000000000        1.4500393754771827E-004
  -1.0200000000000000        1.4725808336162237E-004
  -1.0000000000000000        1.4951995939403262E-004
 -0.97999999999999998        1.5178968438046877E-004
 -0.95999999999999996        1.5406737746854207E-004
 -0.93999999999999995        1.5635315822418896E-004
 -0.91999999999999993        1.5864714663793326E-004
 -0.89999999999999991        1.6094946313117522E-004
 -0.87999999999999989        1.6326022856250646E-004
 -0.85999999999999988        1.6557956423404971E-004
 -0.83999999999999986        1.6790759189782350E-004
 -0.81999999999999984        1.7024443376213131E-004
 -0.79999999999999982        1.7259021249797543E-004
 -0.77999999999999980        1.7494505124549553E-004
 -0.75999999999999979        1.7730907362043208E-004
 -0.73999999999999977        1.7968240372061512E-004
 -0.71999999999999975        1.8206516613247838E-004
 -0.69999999999999973        1.8445748593759909E-004
 -0.67999999999999972        1.8685948871926403E-004
 -0.66000000000000014        1.8927130056906172E-004
 -0.64000000000000012        1.9169304809350153E-004
 -0.62000000000000011        1.9412485842065978E-004
 -0.60000000000000009        1.9656685920685314E-004
 -0.58000000000000007        1.9901917864333991E-004
 -0.56000000000000005        2.0148194546304926E-004
 -0.54000000000000004        2.0395528894733906E-004
 -0.52000000000000002        2.0643933893278236E-004
 -0.50000000000000000        2.0893422581798308E-004
 -0.47999999999999998        2.1144008057042118E-004
 -0.45999999999999996        2.1395703473332776E-004
 -0.43999999999999995        2.1648522043259027E-004
 -0.41999999999999993        2.1902477038368844E-004
 -0.39999999999999991        2.2157581789866108E-004
 -0.37999999999999989        2.2413849689310414E-004
 -0.35999999999999988        2.2671294189320059E-004
 -0.33999999999999986        2.2929928804278228E-004
 -0.31999999999999984        2.3189767111042424E-004
 -0.29999999999999982        2.3450822749657168E-004
 -0.27999999999999980        2.3713109424070038E-004
 -0.25999999999999979        2.3976640902851037E-004
 -0.23999999999999977        2.4241431019915368E-004
 -0.21999999999999975        2.4507493675249639E-004
 -0.19999999999999973        2.4774842835641533E-004
 -0.17999999999999972        2.5043492535412992E-004
 -0.16000000000000014        2.5313456877156925E-004
 -0.14000000000000012        2.5584750032477523E-004
 -0.12000000000000011        2.5857386242734190E-004
 -0.10000000000000009        2.6131379819789135E-004
  -8.0000000000000071E-002   2.6406745146758656E-004
  -6.0000000000000053E-002   2.6683496678768179E-004
  -4.0000000000000036E-002   2.6961648943711066E-004
  -2.0000000000000018E-002   2.7241216543011251E-004
   0.0000000000000000        2.7522214152389735E-004
   2.0000000000000462E-002   2.7804656522634977E-004
   4.0000000000000036E-002   2.8088558480377217E-004
   6.0000000000000497E-002   2.8373934928866806E-004
   8.0000000000000071E-002   2.8660800848756530E-004
   9.9999999999999645E-002   2.8949171298888013E-004
  0.12000000000000011        2.9239061417082228E-004
  0.13999999999999968        2.9530486420934144E-004
  0.16000000000000014        2.9823461608611559E-004
  0.17999999999999972        3.0118002359658168E-004
  0.20000000000000018        3.0414124135800906E-004
  0.21999999999999975        3.0711842481761598E-004
  0.24000000000000021        3.1011173026072977E-004
  0.25999999999999979        3.1312131481899089E-004
  0.28000000000000025        3.1614733647860135E-004
  0.29999999999999982        3.1918995408861822E-004
  0.32000000000000028        3.2224932736929236E-004
  0.33999999999999986        3.2532561692045261E-004
  0.36000000000000032        3.2841898422993667E-004
  0.37999999999999989        3.3152959168206804E-004
  0.40000000000000036        3.3465760256618036E-004
  0.41999999999999993        3.3780318108518929E-004
  0.44000000000000039        3.4096649236421212E-004
  0.45999999999999996        3.4414770245923590E-004
  0.48000000000000043        3.4734697836583453E-004
  0.50000000000000000        3.5056448802793500E-004
  0.52000000000000046        3.5380040034663354E-004
  0.54000000000000004        3.5705488518906201E-004
  0.56000000000000050        3.6032811339730498E-004
  0.58000000000000007        3.6362025679736787E-004
  0.60000000000000053        3.6693148820819699E-004
  0.62000000000000011        3.7026198145075160E-004
  0.63999999999999968        3.7361191135712842E-004
  0.66000000000000014        3.7698145377973962E-004
  0.67999999999999972        3.8037078560054392E-004
  0.70000000000000018        3.8378008474033233E-004
  0.71999999999999975        3.8720953016806810E-004
  0.74000000000000021        3.9065930191028178E-004
  0.75999999999999979        3.9412958106052240E-004
  0.78000000000000025        3.9762054978886445E-004
  0.79999999999999982        4.0113239135147212E-004
  0.82000000000000028        4.0466529010022099E-004
  0.83999999999999986        4.0821943149237821E-004
  0.86000000000000032        4.1179500210034194E-004
  0.87999999999999989        4.1539218962144175E-004
  0.90000000000000036        4.1901118288780088E-004
  0.91999999999999993        4.2265217187626282E-004
  0.94000000000000039        4.2631534771838515E-004
  0.95999999999999996        4.3000090271050459E-004
  0.98000000000000043        4.3370903032387921E-004
   1.0000000000000000        4.3743992521491626E-004
   1.0200000000000005        4.4119378323549864E-004
   1.0400000000000000        4.4497080144342843E-004
   1.0600000000000005        4.4877117811301586E-004
   1.0800000000000001        4.5259511274585510E-004
   1.1000000000000005        4.5644280608185046E-004
   1.1200000000000001        4.6031446011058600E-004
   1.1399999999999997        4.6421027808318094E-004
   1.1600000000000001        4.6813046452484229E-004
   1.1799999999999997        4.7207522524843408E-004
   1.2000000000000002        4.7604476736954265E-004
   1.2199999999999998        4.8003929932375873E-004
   1.2400000000000002        4.8405903088726075E-004
   1.2599999999999998        4.8810417320232938E-004
   1.2800000000000002        4.9217493881024499E-004
   1.2999999999999998        4.9627154169525534E-004
   1.3200000000000003        5.0039419734515880E-004
   1.3399999999999999        5.0454312283684235E-004
   1.3600000000000003        5.0871853695931665E-004
   1.3799999999999999        5.1292066039311057E-004
   1.4000000000000004        5.1714971597439062E-004
   1.4199999999999999        5.2140592908646462E-004
   1.4400000000000004        5.2568952824281871E-004
   1.4600000000000000        5.3000074595815298E-004
   1.4800000000000004        5.3433982005246581E-004
   1.5000000000000000        5.3870699560627853E-004
   1.5200000000000005        5.4310252789487555E-004
   1.5400000000000000        5.4752668679441388E-004
   1.5600000000000005        5.5197976340057818E-004
   1.5800000000000001        5.5646207997253865E-004
   1.6000000000000005        5.6097400487316730E-004
   1.6200000000000001        5.6551597501291160E-004
   1.6399999999999997        5.7008852955592326E-004
   1.6600000000000001        5.7469236051378443E-004
   1.6799999999999997        5.7932838862637353E-004
   1.7000000000000002        5.8399787702780493E-004
   1.7199999999999998        5.8870260119548551E-004
   1.7400000000000002        5.9344510234277982E-004
   1.7599999999999998        5.9822906365028430E-004
   1.7800000000000002        6.0305986540543327E-004
   1.7999999999999998        6.0794539650036274E-004
   1.8200000000000003        6.1289722414387452E-004
   1.8399999999999999        6.1793224466455345E-004
   1.8600000000000003        6.2307493983630995E-004
   1.8799999999999999        6.2836031277833156E-004
   1.9000000000000004        6.3383742269963815E-004
   1.9199999999999999        6.3957312101538472E-004
   1.9400000000000004        6.4565511097260727E-004
   1.9600000000000000        6.5219297980448560E-004
   1.9800000000000004        6.5931580679556617E-004
   2.0000000000000000        6.6716579306486589E-004
   2.0200000000000005        6.7588900497213061E-004
   2.0400000000000000        6.8562578966934471E-004
   2.0600000000000005        6.9650355110707459E-004
   2.0800000000000001        7.0863328154495886E-004
   2.1000000000000005        7.2210959438051775E-004
   2.1200000000000001        7.3701303667353889E-004
   2.1400000000000006        7.5341336860224419E-004
   2.1600000000000001        7.7137288673527168E-004
   2.1799999999999997        7.9094932174293600E-004
   2.2000000000000002        8.1219816444065248E-004
   2.2199999999999998        8.3517444663359106E-004
   2.2400000000000002        8.5993407095698586E-004
   2.2599999999999998        8.8653479534793803E-004
   2.2800000000000002        9.1503696528084867E-004
   2.2999999999999998        9.4550406760336573E-004
   2.3200000000000003        9.7800316127586513E-004
   2.3399999999999999        1.0126052250998480E-003
   2.3600000000000003        1.0493854509396935E-003
   2.3799999999999999        1.0884235024940690E-003
   2.4000000000000004        1.1298037536640550E-003
   2.4199999999999999        1.1736155163568967E-003
   2.4400000000000004        1.2199532646467780E-003
   2.4600000000000000        1.2689168602048543E-003
   2.4800000000000004        1.3206117825341659E-003
   2.5000000000000000        1.3751493666061415E-003
   2.5200000000000005        1.4326470498583943E-003
   2.5400000000000000        1.4932286300844767E-003
   2.5600000000000005        1.5570245354604984E-003
   2.5800000000000001        1.6241721077666304E-003
   2.6000000000000005        1.6948158997430226E-003
   2.6200000000000001        1.7691079874486895E-003
   2.6400000000000006        1.8472082984541372E-003
   2.6600000000000001        1.9292849566841140E-003
   2.6799999999999997        2.0155146447291350E-003
   2.7000000000000002        2.1060829844587628E-003
   2.7199999999999998        2.2011849367928756E-003
   2.7400000000000002        2.3010252215171821E-003
   2.7599999999999998        2.4058187580645882E-003
   2.7800000000000002        2.5157911282237379E-003
   2.7999999999999998        2.6311790617794704E-003
   2.8200000000000003        2.7522309461366708E-003
   2.8399999999999999        2.8792073610287914E-003
   2.8600000000000003        3.0123816394650297E-003
   2.8799999999999999        3.1520404561257470E-003
   2.9000000000000004        3.2984844444741736E-003
   2.9199999999999999        3.4520288439138201E-003
   2.9400000000000004        3.6130041783853989E-003
   2.9600000000000000        3.7817569678645123E-003
   2.9800000000000004        3.9586504742920468E-003
   3.0000000000000000        4.1440654835432260E-003
   3.0200000000000005        4.3384011251187838E-003
   3.0400000000000000        4.5420757313228595E-003
   3.0600000000000005        4.7555277377771994E-003
   3.0800000000000001        4.9792166272101864E-003
   3.1000000000000005        5.2136239185523675E-003
   3.1200000000000001        5.4592542034676656E-003
   3.1400000000000006        5.7166362325515585E-003
   3.1600000000000001        5.9863240535344194E-003
   3.1799999999999997        6.2688982039401601E-003
   3.2000000000000002        6.5649669607675317E-003
   3.2199999999999998        6.8751676498841879E-003
   3.2400000000000002        7.2001680179521474E-003
   3.2599999999999998        7.5406676698379152E-003
   3.2800000000000002        7.8973995746014561E-003
   3.2999999999999998        8.2711316433058731E-003
   3.3200000000000003        8.6626683820442141E-003
   3.3399999999999999        9.0728526237417728E-003
   3.3600000000000003        9.5025673424617950E-003
   3.3799999999999999        9.9527375541201279E-003
   3.4000000000000004        1.0424332307700344E-002
   3.4199999999999999        1.0918366771255671E-002
   3.4400000000000004        1.1435904417188131E-002
   3.4600000000000000        1.1978059311508981E-002
   3.4800000000000004        1.2545998512008355E-002
   3.5000000000000000        1.3140944580496515E-002
   3.5200000000000005        1.3764178214524605E-002
   3.5400000000000000        1.4417041004250022E-002
   3.5600000000000005        1.5100938320380930E-002
   3.5800000000000001        1.5817342339416559E-002
   3.6000000000000005        1.6567795212695545E-002
   3.6200000000000001        1.7353912386074043E-002
   3.6400000000000006        1.8177386077379697E-002
   3.6600000000000001        1.9039988919127074E-002
   3.6799999999999997        1.9943577774336051E-002
   3.7000000000000002        2.0890097733667106E-002
   3.7199999999999998        2.1881586302477919E-002
   3.7400000000000002        2.2920177786814433E-002
   3.7599999999999998        2.4008107887777793E-002
   3.7800000000000002        2.5147718514157119E-002
   3.7999999999999998        2.6341462823687916E-002
   3.8200000000000003        2.7591910503788085E-002
   3.8399999999999999        2.8901753303139006E-002
   3.8600000000000003        3.0273810826019092E-002
   3.8799999999999999        3.1711036601862891E-002
   3.9000000000000004        3.3216524443111232E-002
   3.9199999999999999        3.4793515105038517E-002
   3.9400000000000004        3.6445403261893217E-002
   3.9600000000000000        3.8175744814368723E-002
   3.9800000000000004        3.9988264544134726E-002
   4.0000000000000000        4.1886864131906516E-002
 
 
  -3.9800000000000000        4.0009798903747647E-008
  -3.9600000000000000        8.0078405632758332E-008
  -3.9399999999999999        1.2026472165680993E-007
  -3.9199999999999999        1.6062782146958079E-007
  -3.8999999999999999        2.0122703942905084E-007
  -3.8799999999999999        2.4212205697989175E-007
  -3.8599999999999999        2.8337299038606409E-007
  -3.8399999999999999        3.2504047910259008E-007
  -3.8199999999999998        3.6718577491640930E-007
  -3.7999999999999998        4.0987083198735587E-007
  -3.7799999999999998        4.5315839792161872E-007
  -3.7599999999999998        4.9711210601156406E-007
  -3.7400000000000002        5.4179656877751355E-007
  -3.7199999999999998        5.8727747294898638E-007
  -3.7000000000000002        6.3362167602502826E-007
  -3.6800000000000002        6.8089730455557312E-007
  -3.6600000000000001        7.2917385428831124E-007
  -3.6400000000000001        7.7852229232828193E-007
  -3.6200000000000001        8.2901516146036587E-007
  -3.6000000000000001        8.8072668678803299E-007
  -3.5800000000000001        9.3373288484510596E-007
  -3.5600000000000001        9.8811167534093437E-007
  -3.5400000000000000        1.0439429957032466E-006
  -3.5200000000000000        1.1013089185870594E-006
  -3.5000000000000000        1.1602937725223832E-006
  -3.4800000000000000        1.2209842658780778E-006
  -3.4600000000000000        1.2834696143240856E-006
  -3.4399999999999999        1.3478416719794141E-006
  -3.4199999999999999        1.4141950664386572E-006
  -3.3999999999999999        1.4826273378755423E-006
  -3.3799999999999999        1.5532390824279921E-006
  -3.3599999999999999        1.6261341000754736E-006
  -3.3399999999999999        1.7014195472260195E-006
  -3.3199999999999998        1.7792060942372227E-006
  -3.2999999999999998        1.8596080881027649E-006
  -3.2800000000000002        1.9427437205436260E-006
  -3.2599999999999998        2.0287352017510750E-006
  -3.2400000000000002        2.1177089400368382E-006
  -3.2199999999999998        2.2097957276545416E-006
  -3.2000000000000002        2.3051309330655756E-006
  -3.1799999999999997        2.4038546999320201E-006
  -3.1600000000000001        2.5061121531291462E-006
  -3.1400000000000001        2.6120536120803316E-006
  -3.1200000000000001        2.7218348117279881E-006
  -3.1000000000000001        2.8356171314653201E-006
  -3.0800000000000001        2.9535678323654339E-006
  -3.0600000000000001        3.0758603030565023E-006
  -3.0400000000000000        3.2026743146043890E-006
  -3.0200000000000000        3.3341962847773601E-006
  -3.0000000000000000        3.4706195520812686E-006
  -2.9800000000000000        3.6121446599679181E-006
  -2.9600000000000000        3.7589796516341925E-006
  -2.9399999999999999        3.9113403758449981E-006
  -2.9199999999999999        4.0694508042290940E-006
  -2.8999999999999999        4.2335433605134925E-006
  -2.8799999999999999        4.4038592621792357E-006
  -2.8599999999999999        4.5806488750389883E-006
  -2.8399999999999999        4.7641720812548662E-006
  -2.8200000000000003        4.9546986613331612E-006
  -2.7999999999999998        5.1525086906507485E-006
  -2.7800000000000002        5.3578929510856354E-006
  -2.7599999999999998        5.5711533583405552E-006
  -2.7400000000000002        5.7926034055626601E-006
  -2.7199999999999998        6.0225686238724905E-006
  -2.7000000000000002        6.2613870604188264E-006
  -2.6799999999999997        6.5094097745685361E-006
  -2.6600000000000001        6.7670013528156610E-006
  -2.6399999999999997        7.0345404429416017E-006
  -2.6200000000000001        7.3124203078626613E-006
  -2.5999999999999996        7.6010493994381243E-006
  -2.5800000000000001        7.9008519522436315E-006
  -2.5600000000000001        8.2122685968824170E-006
  -2.5400000000000000        8.5357569917202372E-006
  -2.5200000000000000        8.8717924708478702E-006
  -2.5000000000000000        9.2208687043801485E-006
  -2.4800000000000000        9.5834983645549457E-006
  -2.4600000000000000        9.9602137869771920E-006
  -2.4399999999999999        1.0351567609953688E-005
  -2.4199999999999999        1.0758133364935707E-005
  -2.3999999999999999        1.1180505975702456E-005
  -2.3799999999999999        1.1619302100116068E-005
  -2.3599999999999999        1.2075160211515968E-005
  -2.3399999999999999        1.2548740260174117E-005
  -2.3200000000000003        1.3040722668243249E-005
  -2.2999999999999998        1.3551806278706807E-005
  -2.2800000000000002        1.4082704677236942E-005
  -2.2599999999999998        1.4634140003554830E-005
  -2.2400000000000002        1.5206832923458840E-005
  -2.2199999999999998        1.5801486794426753E-005
  -2.2000000000000002        1.6418763184161810E-005
  -2.1799999999999997        1.7059244798955426E-005
  -2.1600000000000001        1.7723380698720032E-005
  -2.1399999999999997        1.8411407904240743E-005
  -2.1200000000000001        1.9123244259610344E-005
  -2.0999999999999996        1.9858351734801965E-005
  -2.0800000000000001        2.0615579929115856E-005
  -2.0600000000000001        2.1393017765532552E-005
  -2.0400000000000000        2.2187902823286528E-005
  -2.0200000000000000        2.2996647699568826E-005
  -2.0000000000000000        2.3815021064584974E-005
  -1.9800000000000000        2.4638463382822612E-005
  -1.9600000000000000        2.5462454410943631E-005
  -1.9399999999999999        2.6282828462457880E-005
  -1.9199999999999999        2.7095968742898980E-005
  -1.8999999999999999        2.7898871607432401E-005
  -1.8799999999999999        2.8689114314141987E-005
  -1.8599999999999999        2.9464771529597559E-005
  -1.8399999999999999        3.0224316737492351E-005
  -1.8199999999999998        3.0966529785063958E-005
  -1.7999999999999998        3.1690419638369663E-005
  -1.7799999999999998        3.2395164082330104E-005
  -1.7599999999999998        3.3080064628345822E-005
  -1.7399999999999998        3.3744513738282344E-005
  -1.7199999999999998        3.4387971460236874E-005
  -1.6999999999999997        3.5009949004169509E-005
  -1.6800000000000002        3.5609997318065613E-005
  -1.6600000000000001        3.6187699212014972E-005
  -1.6400000000000001        3.6742663972720523E-005
  -1.6200000000000001        3.7274523712608940E-005
  -1.6000000000000001        3.7782930919902625E-005
  -1.5800000000000001        3.8267556836040762E-005
  -1.5600000000000001        3.8728090400424016E-005
  -1.5400000000000000        3.9164237582287970E-005
  -1.5200000000000000        3.9575720975232200E-005
  -1.5000000000000000        3.9962279568633476E-005
  -1.4800000000000000        4.0323668636953673E-005
  -1.4600000000000000        4.0659659706434464E-005
  -1.4399999999999999        4.0970040571396505E-005
  -1.4199999999999999        4.1254615341107016E-005
  -1.3999999999999999        4.1513204504182469E-005
  -1.3799999999999999        4.1745645001607389E-005
  -1.3599999999999999        4.1951790302267915E-005
  -1.3399999999999999        4.2131510476826270E-005
  -1.3199999999999998        4.2284692267080652E-005
  -1.2999999999999998        4.2411239148856206E-005
  -1.2799999999999998        4.2511071387089003E-005
  -1.2599999999999998        4.2584126082186606E-005
  -1.2399999999999998        4.2630357207037776E-005
  -1.2199999999999998        4.2649735634242342E-005
  -1.1999999999999997        4.2642249153269355E-005
  -1.1800000000000002        4.2607902477346652E-005
  -1.1600000000000001        4.2546717239951624E-005
  -1.1400000000000001        4.2458731980820411E-005
  -1.1200000000000001        4.2344002121426752E-005
  -1.1000000000000001        4.2202599929907232E-005
  -1.0800000000000001        4.2034614475428789E-005
  -1.0600000000000001        4.1840151572009615E-005
  -1.0400000000000000        4.1619333711816951E-005
  -1.0200000000000000        4.1372299987975734E-005
  -1.0000000000000000        4.1099206006931404E-005
 -0.97999999999999998        4.0800223790418416E-005
 -0.95999999999999996        4.0475541667093775E-005
 -0.93999999999999995        4.0125364153902243E-005
 -0.91999999999999993        3.9749911827246787E-005
 -0.89999999999999991        3.9349421184044766E-005
 -0.87999999999999989        3.8924144492756832E-005
 -0.85999999999999988        3.8474349634482050E-005
 -0.83999999999999986        3.8000319934219148E-005
 -0.81999999999999984        3.7502353982399980E-005
 -0.79999999999999982        3.6980765446807584E-005
 -0.77999999999999980        3.6435882874997169E-005
 -0.75999999999999979        3.5868049487344543E-005
 -0.73999999999999977        3.5277622960852169E-005
 -0.71999999999999975        3.4664975203849144E-005
 -0.69999999999999973        3.4030492121726953E-005
 -0.67999999999999972        3.3374573373858506E-005
 -0.66000000000000014        3.2697632121853649E-005
 -0.64000000000000012        3.2000094769309654E-005
 -0.62000000000000011        3.1282400693220658E-005
 -0.60000000000000009        3.0545001967215209E-005
 -0.58000000000000007        2.9788363076796272E-005
 -0.56000000000000005        2.9012960626763024E-005
 -0.54000000000000004        2.8219283040998776E-005
 -0.52000000000000002        2.7407830254814112E-005
 -0.50000000000000000        2.6579113400039014E-005
 -0.47999999999999998        2.5733654483062359E-005
 -0.45999999999999996        2.4871986056021584E-005
 -0.43999999999999995        2.3994650881349619E-005
 -0.41999999999999993        2.3102201589890421E-005
 -0.39999999999999991        2.2195200332798422E-005
 -0.37999999999999989        2.1274218427441204E-005
 -0.35999999999999988        2.0339835997528388E-005
 -0.33999999999999986        1.9392641607693475E-005
 -0.31999999999999984        1.8433231892758787E-005
 -0.29999999999999982        1.7462211181917036E-005
 -0.27999999999999980        1.6480191118066236E-005
 -0.25999999999999979        1.5487790272537767E-005
 -0.23999999999999977        1.4485633755460260E-005
 -0.21999999999999975        1.3474352822004707E-005
 -0.19999999999999973        1.2454584474758859E-005
 -0.17999999999999972        1.1426971062481362E-005
 -0.16000000000000014        1.0392159875488362E-005
 -0.14000000000000012        9.3508027379274625E-006
 -0.12000000000000011        8.3035555971958461E-006
 -0.10000000000000009        7.2510781107611924E-006
  -8.0000000000000071E-002   6.1940332306456457E-006
  -6.0000000000000053E-002   5.1330867858345696E-006
  -4.0000000000000036E-002   4.0689070628731306E-006
  -2.0000000000000018E-002   3.0021643849148805E-006
   0.0000000000000000        1.9335306894875048E-006
   2.0000000000000462E-002   8.6367910524169513E-007
   4.0000000000000036E-002  -2.0671647205024758E-007
   6.0000000000000497E-002  -1.2769818039790055E-006
   8.0000000000000071E-002  -2.3464427341986448E-006
   9.9999999999999645E-002  -3.4144256130753134E-006
  0.12000000000000011       -4.4802577220167491E-006
  0.13999999999999968       -5.5432676972153107E-006
  0.16000000000000014       -6.6027859525376241E-006
  0.17999999999999972       -7.6581451012944613E-006
  0.20000000000000018       -8.7086803766251875E-006
  0.21999999999999975       -9.7537300502319691E-006
  0.24000000000000021       -1.0792635849199988E-005
  0.25999999999999979       -1.1824743370641111E-005
  0.28000000000000025       -1.2849402493899829E-005
  0.29999999999999982       -1.3865967790061822E-005
  0.32000000000000028       -1.4873798928507187E-005
  0.33999999999999986       -1.5872261080252276E-005
  0.36000000000000032       -1.6860725317826035E-005
  0.37999999999999989       -1.7838569011429010E-005
  0.40000000000000036       -1.8805176221125447E-005
  0.41999999999999993       -1.9759938084821457E-005
  0.44000000000000039       -2.0702253201784859E-005
  0.45999999999999996       -2.1631528011465141E-005
  0.48000000000000043       -2.2547177167374890E-005
  0.50000000000000000       -2.3448623905797194E-005
  0.52000000000000046       -2.4335300409086800E-005
  0.54000000000000004       -2.5206648163336140E-005
  0.56000000000000050       -2.6062118310180956E-005
  0.58000000000000007       -2.6901171992523937E-005
  0.60000000000000053       -2.7723280693958564E-005
  0.62000000000000011       -2.8527926571679388E-005
  0.63999999999999968       -2.9314602782669036E-005
  0.66000000000000014       -3.0082813802956471E-005
  0.67999999999999972       -3.0832075739745441E-005
  0.70000000000000018       -3.1561916636216459E-005
  0.71999999999999975       -3.2271876768810355E-005
  0.74000000000000021       -3.2961508936806169E-005
  0.75999999999999979       -3.3630378744010921E-005
  0.78000000000000025       -3.4278064872383892E-005
  0.79999999999999982       -3.4904159347423050E-005
  0.82000000000000028       -3.5508267795146463E-005
  0.83999999999999986       -3.6090009690506883E-005
  0.86000000000000032       -3.6649018597083042E-005
  0.87999999999999989       -3.7184942397896768E-005
  0.90000000000000036       -3.7697443517210596E-005
  0.91999999999999993       -3.8186199133166340E-005
  0.94000000000000039       -3.8650901381130907E-005
  0.95999999999999996       -3.9091257547621517E-005
  0.98000000000000043       -3.9506990254688800E-005
   1.0000000000000000       -3.9897837634642218E-005
   1.0200000000000005       -4.0263553495008917E-005
   1.0400000000000000       -4.0603907473623763E-005
   1.0600000000000005       -4.0918685183755203E-005
   1.0800000000000001       -4.1207688349179292E-005
   1.1000000000000005       -4.1470734929122172E-005
   1.1200000000000001       -4.1707659233000442E-005
   1.1399999999999997       -4.1918312024899165E-005
   1.1600000000000001       -4.2102560617739790E-005
   1.1799999999999997       -4.2260288957105400E-005
   1.2000000000000002       -4.2391397694710342E-005
   1.2199999999999998       -4.2495804251527265E-005
   1.2400000000000002       -4.2573442870619829E-005
   1.2599999999999998       -4.2624264659778539E-005
   1.2800000000000002       -4.2648237624126914E-005
   1.2999999999999998       -4.2645346688965116E-005
   1.3200000000000003       -4.2615593713263067E-005
   1.3399999999999999       -4.2558997494425934E-005
   1.3600000000000003       -4.2475593765263454E-005
   1.3799999999999999       -4.2365435184546858E-005
   1.4000000000000004       -4.2228591323201460E-005
   1.4199999999999999       -4.2065148649159176E-005
   1.4400000000000004       -4.1875210515330138E-005
   1.4600000000000000       -4.1658897157261459E-005
   1.4800000000000004       -4.1416345710149518E-005
   1.5000000000000000       -4.1147710259420794E-005
   1.5200000000000005       -4.0853161945769034E-005
   1.5400000000000000       -4.0532889155315467E-005
   1.5600000000000005       -4.0187097839871316E-005
   1.5800000000000001       -3.9816012033199232E-005
   1.6000000000000005       -3.9419874659681769E-005
   1.6200000000000001       -3.8998948776204379E-005
   1.6399999999999997       -3.8553519452461427E-005
   1.6600000000000001       -3.8083896587900597E-005
   1.6799999999999997       -3.7590419097017396E-005
   1.7000000000000002       -3.7073461084632954E-005
   1.7199999999999998       -3.6533440899450749E-005
   1.7400000000000002       -3.5970834321130252E-005
   1.7599999999999998       -3.5386193625111451E-005
   1.7800000000000002       -3.4780174886771435E-005
   1.7999999999999998       -3.4153576591170259E-005
   1.8200000000000003       -3.3507393252310188E-005
   1.8399999999999999       -3.2842887927294931E-005
   1.8600000000000003       -3.2161686424526864E-005
   1.8799999999999999       -3.1465892224648043E-005
   1.9000000000000004       -3.0758212695390881E-005
   1.9199999999999999       -3.0042072624415475E-005
   1.9400000000000004       -2.9321672386805975E-005
   1.9600000000000000       -2.8601935002432137E-005
   1.9800000000000004       -2.7888297179143843E-005
   2.0000000000000000       -2.7186348195986438E-005
   2.0200000000000005       -2.6501392575076223E-005
   2.0400000000000000       -2.5838059466745539E-005
   2.0600000000000005       -2.5200062380123124E-005
   2.0800000000000001       -2.4590140964475200E-005
   2.1000000000000005       -2.4010146542094298E-005
   2.1200000000000001       -2.3461203618304510E-005
   2.1400000000000006       -2.2943888222686920E-005
   2.1600000000000001       -2.2458387906188271E-005
   2.1799999999999997       -2.2004629730322492E-005
   2.2000000000000002       -2.1582375637015492E-005
   2.2199999999999998       -2.1191290307560886E-005
   2.2400000000000002       -2.0830987976647757E-005
   2.2599999999999998       -2.0501064045423257E-005
   2.2800000000000002       -2.0201116101767122E-005
   2.2999999999999998       -1.9930757729281918E-005
   2.3200000000000003       -1.9689627483989729E-005
   2.3399999999999999       -1.9477394669563120E-005
   2.3600000000000003       -1.9293763010893816E-005
   2.3799999999999999       -1.9138472960001792E-005
   2.4000000000000004       -1.9011303120928380E-005
   2.4199999999999999       -1.8912071114933649E-005
   2.4400000000000004       -1.8840634097640077E-005
   2.4600000000000000       -1.8796889067342148E-005
   2.4800000000000004       -1.8780773056019670E-005
   2.5000000000000000       -1.8792263263256503E-005
   2.5200000000000005       -1.8831377172696741E-005
   2.5400000000000000       -1.8898172677179499E-005
   2.5600000000000005       -1.8992748229853192E-005
   2.5800000000000001       -1.9115243032784309E-005
   2.6000000000000005       -1.9265837270796503E-005
   2.6200000000000001       -1.9444752395815626E-005
   2.6400000000000006       -1.9652251465403863E-005
   2.6600000000000001       -1.9888639538145122E-005
   2.6799999999999997       -2.0154264127899643E-005
   2.7000000000000002       -2.0449515718550615E-005
   2.7199999999999998       -2.0774828340635129E-005
   2.7400000000000002       -2.1130680211130883E-005
   2.7599999999999998       -2.1517594437621923E-005
   2.7800000000000002       -2.1936139788067665E-005
   2.7999999999999998       -2.2386931527433341E-005
   2.8200000000000003       -2.2870632322496575E-005
   2.8399999999999999       -2.3387953216217169E-005
   2.8600000000000003       -2.3939654673140723E-005
   2.8799999999999999       -2.4526547697398660E-005
   2.9000000000000004       -2.5149495024965507E-005
   2.9199999999999999       -2.5809412391937818E-005
   2.9400000000000004       -2.6507269880707069E-005
   2.9600000000000000       -2.7244093346010770E-005
   2.9800000000000004       -2.8020965922961762E-005
   3.0000000000000000       -2.8839029619274996E-005
   3.0200000000000005       -2.9699486994034032E-005
   3.0400000000000000       -3.0603602925466252E-005
   3.0600000000000005       -3.1552706470326147E-005
   3.0800000000000001       -3.2548192817620581E-005
   3.1000000000000005       -3.3591525339548356E-005
   3.1200000000000001       -3.4684237742669202E-005
   3.1400000000000006       -3.5827936322464631E-005
   3.1600000000000001       -3.7024302324605004E-005
   3.1799999999999997       -3.8275094416393895E-005
   3.2000000000000002       -3.9582151272022972E-005
   3.2199999999999998       -4.0947394275437656E-005
   3.2400000000000002       -4.2372830344786886E-005
   3.2599999999999998       -4.3860554882608967E-005
   3.2800000000000002       -4.5412754856090298E-005
   3.2999999999999998       -4.7031712011924969E-005
   3.3200000000000003       -4.8719806230501162E-005
   3.3399999999999999       -5.0479519024344996E-005
   3.3600000000000003       -5.2313437185964560E-005
   3.3799999999999999       -5.4224256590456525E-005
   3.4000000000000004       -5.6214786158465191E-005
   3.4199999999999999       -5.8287951985319527E-005
   3.4400000000000004       -6.0446801642418080E-005
   3.4600000000000000       -6.2694508657184887E-005
   3.4800000000000004       -6.5034377178181850E-005
   3.5000000000000000       -6.7469846832235439E-005
   3.5200000000000005       -7.0004497780717663E-005
   3.5400000000000000       -7.2642055982414153E-005
   3.5600000000000005       -7.5386398670715729E-005
   3.5800000000000001       -7.8241560053185074E-005
   3.6000000000000005       -8.1211737241876819E-005
   3.6200000000000001       -8.4301296423128805E-005
   3.6400000000000006       -8.7514779275893966E-005
   3.6600000000000001       -9.0856909648048088E-005
   3.6799999999999997       -9.4332600500487420E-005
   3.7000000000000002       -9.7946961129224182E-005
   3.7199999999999998       -1.0170530467609652E-004
   3.7400000000000002       -1.0561315593913356E-004
   3.7599999999999998       -1.0967625949405714E-004
   3.7800000000000002       -1.1390058813885856E-004
   3.7999999999999998       -1.1829235167386421E-004
   3.8200000000000003       -1.2285800603019682E-004
   3.8399999999999999       -1.2760426276005107E-004
   3.8600000000000003       -1.3253809890273458E-004
   3.8799999999999999       -1.3766676724097729E-004
   3.9000000000000004       -1.4299780696258620E-004
   3.9199999999999999       -1.4853905474311807E-004
   3.9400000000000004       -1.5429865626586186E-004
   3.9600000000000000       -1.6028507819606521E-004
   3.9800000000000004       -1.6650712062700742E-004
   4.0000000000000000       -1.7297393001621447E-004
 
 
  -3.9800000000000000        4.0009098982051378E-008
  -3.9600000000000000        8.0072804275132205E-008
  -3.9399999999999999        1.2024580293314719E-007
  -3.9199999999999999        1.6058293118723646E-007
  -3.8999999999999999        2.0113924929735130E-007
  -3.8799999999999999        2.4197011670961793E-007
  -3.8599999999999999        2.8313126762207964E-007
  -3.8399999999999999        3.2467888706196454E-007
  -3.8199999999999998        3.6666968757832441E-007
  -3.7999999999999998        4.0916098665473055E-007
  -3.7799999999999998        4.5221078494769443E-007
  -3.7599999999999998        4.9587784545760932E-007
  -3.7400000000000002        5.4022177374028110E-007
  -3.7199999999999998        5.8530309926853649E-007
  -3.7000000000000002        6.3118335805496849E-007
  -3.6800000000000002        6.7792517664859743E-007
  -3.6600000000000001        7.2559235762010530E-007
  -3.6400000000000001        7.7424996665232826E-007
  -3.6200000000000001        8.2396442135488761E-007
  -3.6000000000000001        8.7480358192419071E-007
  -3.5800000000000001        9.2683684377255206E-007
  -3.5600000000000001        9.8013523225287391E-007
  -3.5400000000000000        1.0347714996081858E-006
  -3.5200000000000000        1.0908202242783777E-006
  -3.5000000000000000        1.1483579126996817E-006
  -3.4800000000000000        1.2074631037358581E-006
  -3.4600000000000000        1.2682164758836340E-006
  -3.4399999999999999        1.3307009573987293E-006
  -3.4199999999999999        1.3950018394927934E-006
  -3.3999999999999999        1.4612068927557646E-006
  -3.3799999999999999        1.5294064869625697E-006
  -3.3599999999999999        1.5996937144276982E-006
  -3.3399999999999999        1.6721645170760331E-006
  -3.3199999999999998        1.7469178174033841E-006
  -3.2999999999999998        1.8240556535054902E-006
  -3.2800000000000002        1.9036833183598015E-006
  -3.2599999999999998        1.9859095035501608E-006
  -3.2400000000000002        2.0708464476305679E-006
  -3.2199999999999998        2.1586100893305441E-006
  -3.2000000000000002        2.2493202258112168E-006
  -3.1799999999999997        2.3431006761881484E-006
  -3.1600000000000001        2.4400794505441064E-006
  -3.1400000000000001        2.5403889246624817E-006
  -3.1200000000000001        2.6441660207198548E-006
  -3.1000000000000001        2.7515523941843478E-006
  -3.0800000000000001        2.8626946271748634E-006
  -3.0600000000000001        2.9777444285451247E-006
  -3.0400000000000000        3.0968588409655961E-006
  -3.0200000000000000        3.2202004552859026E-006
  -3.0000000000000000        3.3479376324702671E-006
  -2.9800000000000000        3.4802447334087871E-006
  -2.9600000000000000        3.6173023569180505E-006
  -2.9399999999999999        3.7592975862556617E-006
  -2.9199999999999999        3.9064242444847128E-006
  -2.8999999999999999        4.0588831590360538E-006
  -2.8799999999999999        4.2168824358283941E-006
  -2.8599999999999999        4.3806377433186905E-006
  -2.8399999999999999        4.5503726068679051E-006
  -2.8200000000000003        4.7263187138198453E-006
  -2.7999999999999998        4.9087162297031631E-006
  -2.7800000000000002        5.0978141259782968E-006
  -2.7599999999999998        5.2938705197615078E-006
  -2.7400000000000002        5.4971530259661451E-006
  -2.7199999999999998        5.7079391223053014E-006
  -2.7000000000000002        5.9265165275975515E-006
  -2.6799999999999997        6.1531835938046117E-006
  -2.6600000000000001        6.3882497122004885E-006
  -2.6399999999999997        6.6320357340166624E-006
  -2.6200000000000001        6.8848744058125055E-006
  -2.5999999999999996        7.1471108196620741E-006
  -2.5800000000000001        7.4191028779928005E-006
  -2.5600000000000001        7.7012217725045706E-006
  -2.5400000000000000        7.9938524759558651E-006
  -2.5200000000000000        8.2973942445979496E-006
  -2.5000000000000000        8.6122611274689164E-006
  -2.4800000000000000        8.9388824763178623E-006
  -2.4600000000000000        9.2777034461382325E-006
  -2.4399999999999999        9.6291854704111516E-006
  -2.4199999999999999        9.9938066860565215E-006
  -2.3999999999999999        1.0372062269009746E-005
  -2.3799999999999999        1.0764464619592710E-005
  -2.3599999999999999        1.1171543303308730E-005
  -2.3399999999999999        1.1593844601092187E-005
  -2.3200000000000003        1.2031930443927133E-005
  -2.2999999999999998        1.2486376386045094E-005
  -2.2800000000000002        1.2957768088140013E-005
  -2.2599999999999998        1.3446695508436799E-005
  -2.2400000000000002        1.3953743597095594E-005
  -2.2199999999999998        1.4479477714189036E-005
  -2.2000000000000002        1.5024421206450741E-005
  -2.1799999999999997        1.5589021591367762E-005
  -2.1600000000000001        1.6173600749726172E-005
  -2.1399999999999997        1.6778283863945466E-005
  -2.1200000000000001        1.7402902575961399E-005
  -2.0999999999999996        1.8046871812221068E-005
  -2.0800000000000001        1.8709049342372348E-005
  -2.0600000000000001        1.9387603609696208E-005
  -2.0400000000000000        2.0079934607565549E-005
  -2.0200000000000000        2.0782701202831298E-005
  -2.0000000000000000        2.1491988220352569E-005
  -1.9800000000000000        2.2203594240650018E-005
  -1.9600000000000000        2.2913364538176831E-005
  -1.9399999999999999        2.3617475184482868E-005
  -1.9199999999999999        2.4312606857418992E-005
  -1.8999999999999999        2.4996000872453683E-005
  -1.8799999999999999        2.5665428330481285E-005
  -1.8599999999999999        2.6319113496551001E-005
  -1.8399999999999999        2.6955644052696342E-005
  -1.8199999999999998        2.7573887284545795E-005
  -1.7999999999999998        2.8172920258773496E-005
  -1.7799999999999998        2.8751975449136422E-005
  -1.7599999999999998        2.9310400166578577E-005
  -1.7399999999999998        2.9847627135877843E-005
  -1.7199999999999998        3.0363153569868740E-005
  -1.6999999999999997        3.0856526496139306E-005
  -1.6800000000000002        3.1327332579778143E-005
  -1.6600000000000001        3.1775191129487454E-005
  -1.6400000000000001        3.2199749333271100E-005
  -1.6200000000000001        3.2600679043170935E-005
  -1.6000000000000001        3.2977674629362444E-005
  -1.5800000000000001        3.3330451568299810E-005
  -1.5600000000000001        3.3658745531902911E-005
  -1.5400000000000000        3.3962311816561339E-005
  -1.5200000000000000        3.4240925000755710E-005
  -1.5000000000000000        3.4494378754788206E-005
  -1.4800000000000000        3.4722485750084772E-005
  -1.4600000000000000        3.4925077632048151E-005
  -1.4399999999999999        3.5102005031796625E-005
  -1.4199999999999999        3.5253137599917045E-005
  -1.3999999999999999        3.5378364050702113E-005
  -1.3799999999999999        3.5477592208998480E-005
  -1.3599999999999999        3.5550749054293063E-005
  -1.3399999999999999        3.5597780758374773E-005
  -1.3199999999999998        3.5618652714077174E-005
  -1.2999999999999998        3.5613349553406449E-005
  -1.2799999999999998        3.5581875153905721E-005
  -1.2599999999999998        3.5524252632481396E-005
  -1.2399999999999998        3.5440524326175128E-005
  -1.2199999999999998        3.5330751759542985E-005
  -1.1999999999999997        3.5195015598427543E-005
  -1.1800000000000002        3.5033415589996026E-005
  -1.1600000000000001        3.4846070488979872E-005
  -1.1400000000000001        3.4633117970096757E-005
  -1.1200000000000001        3.4394714526670067E-005
  -1.1000000000000001        3.4131035355487102E-005
  -1.0800000000000001        3.3842274227958293E-005
  -1.0600000000000001        3.3528643347657023E-005
  -1.0400000000000000        3.3190373194334721E-005
  -1.0200000000000000        3.2827712354519037E-005
  -1.0000000000000000        3.2440927338815053E-005
 -0.97999999999999998        3.2030302386040737E-005
 -0.95999999999999996        3.1596139254338536E-005
 -0.93999999999999995        3.1138756999415266E-005
 -0.91999999999999993        3.0658491740072317E-005
 -0.89999999999999991        3.0155696411197896E-005
 -0.87999999999999989        2.9630740504402421E-005
 -0.85999999999999988        2.9084009796487367E-005
 -0.83999999999999986        2.8515906065946945E-005
 -0.81999999999999984        2.7926846797710843E-005
 -0.79999999999999982        2.7317264876344887E-005
 -0.77999999999999980        2.6687608267935048E-005
 -0.75999999999999979        2.6038339690888550E-005
 -0.73999999999999977        2.5369936275893960E-005
 -0.71999999999999975        2.4682889215290100E-005
 -0.69999999999999973        2.3977703402101516E-005
 -0.67999999999999972        2.3254897059005686E-005
 -0.66000000000000014        2.2515001357504651E-005
 -0.64000000000000012        2.1758560027580957E-005
 -0.62000000000000011        2.0986128958124709E-005
 -0.60000000000000009        2.0198275788425397E-005
 -0.58000000000000007        1.9395579491028717E-005
 -0.56000000000000005        1.8578629946264874E-005
 -0.54000000000000004        1.7748027508761104E-005
 -0.52000000000000002        1.6904382566256915E-005
 -0.50000000000000000        1.6048315091046302E-005
 -0.47999999999999998        1.5180454184376554E-005
 -0.45999999999999996        1.4301437614138453E-005
 -0.43999999999999995        1.3411911346187620E-005
 -0.41999999999999993        1.2512529069641421E-005
 -0.39999999999999991        1.1603951716500278E-005
 -0.37999999999999989        1.0686846975946403E-005
 -0.35999999999999988        9.7618888036768876E-006
 -0.33999999999999986        8.8297569266317209E-006
 -0.31999999999999984        7.8911363434807013E-006
 -0.29999999999999982        6.9467168212363212E-006
 -0.27999999999999980        5.9971923883625477E-006
 -0.25999999999999979        5.0432608247520016E-006
 -0.23999999999999977        4.0856231489463357E-006
 -0.21999999999999975        3.1249831029766451E-006
 -0.19999999999999973        2.1620466352024757E-006
 -0.17999999999999972        1.1975213815294912E-006
 -0.16000000000000014        2.3211614538702935E-007
 -0.14000000000000012       -7.3345962315230035E-007
 -0.12000000000000011       -1.6984963487281944E-006
 -0.10000000000000009       -2.6622848521402818E-006
  -8.0000000000000071E-002  -3.6241168715045983E-006
  -6.0000000000000053E-002  -4.5832855827359279E-006
  -4.0000000000000036E-002  -5.5390861189735211E-006
  -2.0000000000000018E-002  -6.4908160885684782E-006
   0.0000000000000000       -7.4377760912521447E-006
   2.0000000000000462E-002  -8.3792702321061967E-006
   4.0000000000000036E-002  -9.3146066329567238E-006
   6.0000000000000497E-002  -1.0243097940816481E-005
   8.0000000000000071E-002  -1.1164061833001693E-005
   9.9999999999999645E-002  -1.2076821518552197E-005
  0.12000000000000011       -1.2980706235586447E-005
  0.13999999999999968       -1.3875051744225898E-005
  0.16000000000000014       -1.4759200814726520E-005
  0.17999999999999972       -1.5632503710458732E-005
  0.20000000000000018       -1.6494318665380828E-005
  0.21999999999999975       -1.7344012355655021E-005
  0.24000000000000021       -1.8180960365059516E-005
  0.25999999999999979       -1.9004547643854588E-005
  0.28000000000000025       -1.9814168960765481E-005
  0.29999999999999982       -2.0609229347749954E-005
  0.32000000000000028       -2.1389144537223645E-005
  0.33999999999999986       -2.2153341391421933E-005
  0.36000000000000032       -2.2901258323582780E-005
  0.37999999999999989       -2.3632345710641039E-005
  0.40000000000000036       -2.4346066297130953E-005
  0.41999999999999993       -2.5041895590000004E-005
  0.44000000000000039       -2.5719322244044029E-005
  0.45999999999999996       -2.6377848437680279E-005
  0.48000000000000043       -2.7016990238782361E-005
  0.50000000000000000       -2.7636277960308149E-005
  0.52000000000000046       -2.8235256505459383E-005
  0.54000000000000004       -2.8813485702119244E-005
  0.56000000000000050       -2.9370540626322208E-005
  0.58000000000000007       -2.9906011914518412E-005
  0.60000000000000053       -3.0419506064403082E-005
  0.62000000000000011       -3.0910645724089962E-005
  0.63999999999999968       -3.1379069969416233E-005
  0.66000000000000014       -3.1824434569175098E-005
  0.67999999999999972       -3.2246412238081198E-005
  0.70000000000000018       -3.2644692877282927E-005
  0.71999999999999975       -3.3018983802244857E-005
  0.74000000000000021       -3.3369009957832910E-005
  0.75999999999999979       -3.3694514120444113E-005
  0.78000000000000025       -3.3995257087032519E-005
  0.79999999999999982       -3.4271017850892291E-005
  0.82000000000000028       -3.4521593764068847E-005
  0.83999999999999986       -3.4746800686278743E-005
  0.86000000000000032       -3.4946473120228840E-005
  0.87999999999999989       -3.5120464333235465E-005
  0.90000000000000036       -3.5268646465054158E-005
  0.91999999999999993       -3.5390910621840992E-005
  0.94000000000000039       -3.5487166956176519E-005
  0.95999999999999996       -3.5557344733093869E-005
  0.98000000000000043       -3.5601392382062856E-005
   1.0000000000000000       -3.5619277534892460E-005
   1.0200000000000005       -3.5610987049524776E-005
   1.0400000000000000       -3.5576527019704197E-005
   1.0600000000000005       -3.5515922770516697E-005
   1.0800000000000001       -3.5429218839805336E-005
   1.1000000000000005       -3.5316478945479866E-005
   1.1200000000000001       -3.5177785938750691E-005
   1.1399999999999997       -3.5013241743330735E-005
   1.1600000000000001       -3.4822967280663389E-005
   1.1799999999999997       -3.4607102381251354E-005
   1.2000000000000002       -3.4365805682180836E-005
   1.2199999999999998       -3.4099254510959176E-005
   1.2400000000000002       -3.3807644755814321E-005
   1.2599999999999998       -3.3491190722643606E-005
   1.2800000000000002       -3.3150124978851940E-005
   1.2999999999999998       -3.2784698184391571E-005
   1.3200000000000003       -3.2395178910415749E-005
   1.3399999999999999       -3.1981853446100030E-005
   1.3600000000000003       -3.1545025594385637E-005
   1.3799999999999999       -3.1085016457686062E-005
   1.4000000000000004       -3.0602164215008944E-005
   1.4199999999999999       -3.0096823892534916E-005
   1.4400000000000004       -2.9569367130541965E-005
   1.4600000000000000       -2.9020181950779279E-005
   1.4800000000000004       -2.8449672530137562E-005
   1.5000000000000000       -2.7858258988958155E-005
   1.5200000000000005       -2.7246377205888489E-005
   1.5400000000000000       -2.6614478676272075E-005
   1.5600000000000005       -2.5963030438279307E-005
   1.5800000000000001       -2.5292515101202212E-005
   1.6000000000000005       -2.4603431024732871E-005
   1.6200000000000001       -2.3896292718218699E-005
   1.6399999999999997       -2.3171631556956647E-005
   1.6600000000000001       -2.2429996951281225E-005
   1.6799999999999997       -2.1671958156868876E-005
   1.7000000000000002       -2.0898106985098225E-005
   1.7199999999999998       -2.0109061763979355E-005
   1.7400000000000002       -1.9305473014590647E-005
   1.7599999999999998       -1.8488031440748080E-005
   1.7800000000000002       -1.7657478962577448E-005
   1.7999999999999998       -1.6814623610669592E-005
   1.8200000000000003       -1.5960359034330389E-005
   1.8399999999999999       -1.5095688968150160E-005
   1.8600000000000003       -1.4221755911152061E-005
   1.8799999999999999       -1.3339871031675197E-005
   1.9000000000000004       -1.2451538490014638E-005
   1.9199999999999999       -1.1558462167929737E-005
   1.9400000000000004       -1.0662518162336704E-005
   1.9600000000000000       -9.7656770270824580E-006
   1.9800000000000004       -8.8698715120454420E-006
   2.0000000000000000       -7.9768290892292905E-006
   2.0200000000000005       -7.0879121115725747E-006
   2.0400000000000000       -6.2040127020988275E-006
   2.0600000000000005       -5.3255270868269764E-006
   2.0800000000000001       -4.4524007242306509E-006
   2.1000000000000005       -3.5842141341373749E-006
   2.1200000000000001       -2.7202780181075564E-006
   2.1400000000000006       -1.8597172467579594E-006
   2.1600000000000001       -1.0015356078279520E-006
   2.1799999999999997       -1.4466132093253324E-007
   2.2000000000000002        7.1202310895029949E-007
   2.2199999999999998        1.5696624392636117E-006
   2.2400000000000002        2.4294179741919505E-006
   2.2599999999999998        3.2924618523375692E-006
   2.2800000000000002        4.1599744568587996E-006
   2.2999999999999998        5.0331437185090699E-006
   2.3200000000000003        5.9131655364304155E-006
   2.3399999999999999        6.8012448418249403E-006
   2.3600000000000003        7.6985970210160169E-006
   2.3799999999999999        8.6064495332132053E-006
   2.4000000000000004        9.5260436304490410E-006
   2.4199999999999999        1.0458636130091940E-005
   2.4400000000000004        1.1405501215338768E-005
   2.4600000000000000        1.2367932253273109E-005
   2.4800000000000004        1.3347243627850454E-005
   2.5000000000000000        1.4344772589227842E-005
   2.5200000000000005        1.5361881122807520E-005
   2.5400000000000000        1.6399957842166334E-005
   2.5600000000000005        1.7460419910248149E-005
   2.5800000000000001        1.8544714993119382E-005
   2.6000000000000005        1.9654323250398991E-005
   2.6200000000000001        2.0790759366263859E-005
   2.6400000000000006        2.1955574624741103E-005
   2.6600000000000001        2.3150359032848109E-005
   2.6799999999999997        2.4376743495033028E-005
   2.7000000000000002        2.5636402042300720E-005
   2.7199999999999998        2.6931054119377118E-005
   2.7400000000000002        2.8262466933262615E-005
   2.7599999999999998        2.9632457866547784E-005
   2.7800000000000002        3.1042896958907490E-005
   2.7999999999999998        3.2495709460248931E-005
   2.8200000000000003        3.3992878459062371E-005
   2.8399999999999999        3.5536447589607935E-005
   2.8600000000000003        3.7128523821666626E-005
   2.8799999999999999        3.8771280336686928E-005
   2.9000000000000004        4.0466959494269609E-005
   2.9199999999999999        4.2217875893051806E-005
   2.9400000000000004        4.4026419530176930E-005
   2.9600000000000000        4.5895059063668995E-005
   2.9800000000000004        4.7826345182168729E-005
   3.0000000000000000        4.9822914086634081E-005
   3.0200000000000005        5.1887491088759793E-005
   3.0400000000000000        5.4022894331029303E-005
   3.0600000000000005        5.6232038633477893E-005
   3.0800000000000001        5.8517939472418651E-005
   3.1000000000000005        6.0883717096562679E-005
   3.1200000000000001        6.3332600786152404E-005
   3.1400000000000006        6.5867933260922005E-005
   3.1600000000000001        6.8493175242901919E-005
   3.1799999999999997        7.1211910180295790E-005
   3.2000000000000002        7.4027849138878015E-005
   3.2199999999999998        7.6944835867588768E-005
   3.2400000000000002        7.9966852045240935E-005
   3.2599999999999998        8.3098022715500850E-005
   3.2800000000000002        8.6342621917561484E-005
   3.2999999999999998        8.9705078520194113E-005
   3.3200000000000003        9.3189982267141708E-005
   3.3399999999999999        9.6802090042106203E-005
   3.3600000000000003        1.0054633236188127E-004
   3.3799999999999999        1.0442782010649364E-004
   3.4000000000000004        1.0845185149553972E-004
   3.4199999999999999        1.1262391932024007E-004
   3.4400000000000004        1.1694971844108357E-004
   3.4600000000000000        1.2143515356129549E-004
   3.4800000000000004        1.2608634728674024E-004
   3.5000000000000000        1.3090964848326052E-004
   3.5200000000000005        1.3591164094286061E-004
   3.5400000000000000        1.4109915237056321E-004
   3.5600000000000005        1.4647926370420678E-004
   3.5800000000000001        1.5205931877990478E-004
   3.6000000000000005        1.5784693435636038E-004
   3.6200000000000001        1.6385001051171961E-004
   3.6400000000000006        1.7007674142715458E-004
   3.6600000000000001        1.7653562657189662E-004
   3.6799999999999997        1.8323548230498655E-004
   3.7000000000000002        1.9018545390957849E-004
   3.7199999999999998        1.9739502807622429E-004
   3.7400000000000002        2.0487404585217784E-004
   3.7599999999999998        2.1263271607439523E-004
   3.7800000000000002        2.2068162930456684E-004
   3.7999999999999998        2.2903177228520227E-004
   3.8200000000000003        2.3769454293650120E-004
   3.8399999999999999        2.4668176591448023E-004
   3.8600000000000003        2.5600570875159313E-004
   3.8799999999999999        2.6567909860187574E-004
   3.9000000000000004        2.7571513961347318E-004
   3.9199999999999999        2.8612753095226247E-004
   3.9400000000000004        2.9693048550117289E-004
   3.9600000000000000        3.0813874926072850E-004
   3.9800000000000004        3.1976762147729453E-004
   4.0000000000000000        3.3183297552650279E-004
 
 
