   0.0000000000000000        0.0000000000000000     
   2.0000000000000000E-002   3.9269481318636862E-003
   4.0000000000000001E-002   7.8536540299993882E-003
   5.9999999999999998E-002   1.1779875476866458E-002
   8.0000000000000002E-002   1.5705370284807542E-002
  0.10000000000000001        1.9629896310987844E-002
  0.12000000000000000        2.3553211472331619E-002
  0.14000000000000001        2.7475073760454993E-002
  0.16000000000000000        3.1395241256594174E-002
  0.17999999999999999        3.5313472146528115E-002
  0.20000000000000001        3.9229524735494757E-002
  0.22000000000000000        4.3143157463099872E-002
  0.23999999999999999        4.7054128918217676E-002
  0.26000000000000001        5.0962197853882139E-002
  0.28000000000000003        5.4867123202168265E-002
  0.29999999999999999        5.8768664089062256E-002
  0.32000000000000001        6.2666579849319767E-002
  0.34000000000000002        6.6560630041311269E-002
  0.35999999999999999        7.0450574461853585E-002
  0.38000000000000000        7.4336173161026739E-002
  0.40000000000000002        7.8217186456975216E-002
  0.41999999999999998        8.2093374950692632E-002
  0.44000000000000000        8.5964499540789011E-002
  0.46000000000000002        8.9830321438239644E-002
  0.47999999999999998        9.3690602181114718E-002
  0.50000000000000000        9.7545103649288770E-002
  0.52000000000000002       0.10139358807912900     
  0.54000000000000004       0.10523581807816176     
  0.56000000000000005       0.10907155663971591     
  0.57999999999999996       0.11290056715754250     
  0.59999999999999998       0.11672261344040984     
  0.62000000000000000       0.12053745972667280     
  0.64000000000000001       0.12434487069881571     
  0.66000000000000003       0.12814461149796783     
  0.68000000000000005       0.13193644773839056     
  0.70000000000000007       0.13572014552193543     
  0.71999999999999997       0.13949547145247204     
  0.73999999999999999       0.14326219265028506     
  0.76000000000000001       0.14702007676643919     
  0.78000000000000003       0.15076889199711174     
  0.80000000000000004       0.15450840709789124     
  0.82000000000000006       0.15823839139804163     
  0.83999999999999997       0.16195861481473123     
  0.85999999999999999       0.16566884786722530     
  0.88000000000000000       0.16936886169104137     
  0.90000000000000002       0.17305842805206678     
  0.92000000000000004       0.17673731936063722     
  0.94000000000000006       0.18040530868557547     
  0.95999999999999996       0.18406216976818959     
  0.97999999999999998       0.18770767703622962     
   1.0000000000000000       0.19134160561780195     
   1.0200000000000000       0.19496373135524045     
   1.0400000000000000       0.19857383081893348     
   1.0600000000000001       0.20217168132110624     
   1.0800000000000001       0.20575706092955712     
   1.1000000000000001       0.20932974848134733     
   1.1200000000000001       0.21288952359644359     
   1.1400000000000001       0.21643616669131197     
   1.1599999999999999       0.21996945899246287     
   1.1799999999999999       0.22348918254994599     
   1.2000000000000000       0.22699512025079457     
   1.2200000000000000       0.23048705583241791     
   1.2400000000000000       0.23396477389594128     
   1.2600000000000000       0.23742805991949303     
   1.2800000000000000       0.24087670027143704     
   1.3000000000000000       0.24431048222355065     
   1.3200000000000001       0.24772919396414664     
   1.3400000000000001       0.25113262461113894     
   1.3600000000000001       0.25452056422505054     
   1.3800000000000001       0.25789280382196383     
   1.4000000000000001       0.26124913538641148     
   1.4199999999999999       0.26458935188420796     
   1.4399999999999999       0.26791324727522026     
   1.4600000000000000       0.27122061652607748     
   1.4800000000000000       0.27451125562281814     
   1.5000000000000000       0.27778496158347482     
   1.5200000000000000       0.28104153247059510     
   1.5400000000000000       0.28428076740369784     
   1.5600000000000001       0.28750246657166439     
   1.5800000000000001       0.29070643124506418     
   1.6000000000000001       0.29389246378841294     
   1.6200000000000001       0.29706036767236388     
   1.6400000000000001       0.30020994748583063     
   1.6600000000000001       0.30334100894804111     
   1.6799999999999999       0.30645335892052150     
   1.7000000000000000       0.30954680541901003     
   1.7200000000000000       0.31262115762529952     
   1.7400000000000000       0.31567622589900790     
   1.7600000000000000       0.31871182178927598     
   1.7800000000000000       0.32172775804639225     
   1.8000000000000000       0.32472384863334308     
   1.8200000000000001       0.32769990873728833     
   1.8400000000000001       0.33065575478096171     
   1.8600000000000001       0.33359120443399454     
   1.8800000000000001       0.33650607662416265     
   1.9000000000000001       0.33940019154855589     
   1.9199999999999999       0.34227337068466918     
   1.9399999999999999       0.34512543680141455     
   1.9600000000000000       0.34795621397005366     
   1.9800000000000000       0.35076552757504992     
   2.0000000000000000       0.35355320432483950     
   2.0200000000000000       0.35631907226252074     
   2.0400000000000000       0.35906296077646144     
   2.0600000000000001       0.36178470061082280     
   2.0800000000000001       0.36448412387599993     
   2.1000000000000001       0.36716106405897819     
   2.1200000000000001       0.36981535603360433     
   2.1400000000000001       0.37244683607077239     
   2.1600000000000001       0.37505534184852307     
   2.1800000000000002       0.37764071246205683     
   2.2000000000000002       0.38020278843365884     
   2.2200000000000002       0.38274141172253667     
   2.2400000000000002       0.38525642573456870     
   2.2600000000000002       0.38774767533196386     
   2.2800000000000002       0.39021500684283111     
   2.3000000000000003       0.39265826807065840     
   2.3199999999999998       0.39507730830370136     
   2.3399999999999999       0.39747197832427944     
   2.3599999999999999       0.39984213041798072     
   2.3799999999999999       0.40218761838277334     
   2.3999999999999999       0.40450829753802403     
   2.4199999999999999       0.40680402473342270     
   2.4399999999999999       0.40907465835781254     
   2.4600000000000000       0.41132005834792557     
   2.4800000000000000       0.41354008619702187     
   2.5000000000000000       0.41573460496343373     
   2.5200000000000000       0.41790347927901278     
   2.5400000000000000       0.42004657535747991     
   2.5600000000000001       0.42216376100267816     
   2.5800000000000001       0.42425490561672696     
   2.6000000000000001       0.42631988020807793     
   2.6200000000000001       0.42835855739947215     
   2.6400000000000001       0.43037081143579670     
   2.6600000000000001       0.43235651819184251     
   2.6800000000000002       0.43431555517996046     
   2.7000000000000002       0.43624780155761733     
   2.7200000000000002       0.43815313813484963     
   2.7400000000000002       0.44003144738161604     
   2.7600000000000002       0.44188261343504709     
   2.7800000000000002       0.44370652210659234     
   2.8000000000000003       0.44550306088906355     
   2.8199999999999998       0.44727211896357522     
   2.8399999999999999       0.44901358720638007     
   2.8599999999999999       0.45072735819560050     
   2.8799999999999999       0.45241332621785463     
   2.8999999999999999       0.45407138727477736     
   2.9199999999999999       0.45570143908943550     
   2.9399999999999999       0.45730338111263663     
   2.9600000000000000       0.45887711452913149     
   2.9800000000000000       0.46042254226370932     
   3.0000000000000000       0.46193956898718586     
   3.0200000000000000       0.46342810112228372     
   3.0400000000000000       0.46488804684940482     
   3.0600000000000001       0.46631931611229416     
   3.0800000000000001       0.46772182062359463     
   3.1000000000000001       0.46909547387029349     
   3.1200000000000001       0.47044019111905844     
   3.1400000000000001       0.47175588942146479     
   3.1600000000000001       0.47304248761911177     
   3.1800000000000002       0.47429990634862879     
   3.2000000000000002       0.47552806804657116     
   3.2200000000000002       0.47672689695420423     
   3.2400000000000002       0.47789631912217700     
   3.2600000000000002       0.47903626241508335     
   3.2800000000000002       0.48014665651591149     
   3.3000000000000003       0.48122743293038184     
   3.3200000000000003       0.48227852499117213     
   3.3399999999999999       0.48329986786202916     
   3.3599999999999999       0.48429139854176900     
   3.3799999999999999       0.48525305586816231     
   3.3999999999999999       0.48618478052170805     
   3.4199999999999999       0.48708651502929184     
   3.4399999999999999       0.48795820376773147     
   3.4600000000000000       0.48879979296720810     
   3.4800000000000000       0.48961123071458279     
   3.5000000000000000       0.49039246695659888     
   3.5200000000000000       0.49114345350296962     
   3.5400000000000000       0.49186414402935036     
   3.5600000000000001       0.49255449408019658     
   3.5800000000000001       0.49321446107150574     
   3.6000000000000001       0.49384400429344433     
   3.6200000000000001       0.49444308491285865     
   3.6400000000000001       0.49501166597567070     
   3.6600000000000001       0.49554971240915735     
   3.6800000000000002       0.49605719102411383     
   3.7000000000000002       0.49653407051690113     
   3.7200000000000002       0.49698032147137694     
   3.7400000000000002       0.49739591636070990     
   3.7600000000000002       0.49778082954907804     
   3.7800000000000002       0.49813503729324954     
   3.8000000000000003       0.49845851774404798     
   3.8200000000000003       0.49875125094769956     
   3.8399999999999999       0.49901321884706429     
   3.8599999999999999       0.49924440528274955     
   3.8799999999999999       0.49944479599410713     
   3.8999999999999999       0.49961437862011271     
   3.9199999999999999       0.49975314270012855     
   3.9399999999999999       0.49986107967454835     
   3.9600000000000000       0.49993818288532593     
   3.9800000000000000       0.49998444757638516     
   4.0000000000000000       0.49999987089391384     
   4.0200000000000005       0.49998445188653956     
   4.0400000000000000       0.49993819150538837     
   4.0600000000000005       0.49986109260402622     
   4.0800000000000001       0.49975315993828290     
   4.0999999999999996       0.49961440016595848     
   4.1200000000000001       0.49944482184641303     
   4.1399999999999997       0.49924443544003821     
   4.1600000000000001       0.49901325330761231     
   4.1799999999999997       0.49875128970953764     
   4.2000000000000002       0.49845856080496093     
   4.2199999999999998       0.49813508465077666     
   4.2400000000000002       0.49778088120051289     
   4.2599999999999998       0.49739597230310079     
   4.2800000000000002       0.49698038170152686     
   4.2999999999999998       0.49653413503136812     
   4.3200000000000003       0.49605725981921089     
   4.3399999999999999       0.49554978548095313     
   4.3600000000000003       0.49501174331998926     
   4.3799999999999999       0.49444316652528003     
   4.4000000000000004       0.49384409016930442     
   4.4199999999999999       0.49321455120589691     
   4.4400000000000004       0.49255458846796779     
   4.4600000000000000       0.49186424266510753     
   4.4800000000000004       0.49114355638107582     
   4.5000000000000000       0.49039257407117481     
   4.5200000000000005       0.48961134205950690     
   4.5400000000000000       0.48879990853611716     
   4.5600000000000005       0.48795832355402075     
   4.5800000000000001       0.48708663902611560     
   4.6000000000000005       0.48618490872197995     
   4.6200000000000001       0.48525318826455571     
   4.6399999999999997       0.48429153512671724     
   4.6600000000000001       0.48330000862772665     
   4.6799999999999997       0.48227866992957386     
   4.7000000000000002       0.48122758203320454     
   4.7199999999999998       0.48014680977463370     
   4.7400000000000002       0.47903641982094614     
   4.7599999999999998       0.47789648066618451     
   4.7800000000000002       0.47672706262712378     
   4.7999999999999998       0.47552823783893416     
   4.8200000000000003       0.47430008025073128     
   4.8399999999999999       0.47304266562101477     
   4.8600000000000003       0.47175607151299498     
   4.8799999999999999       0.47044037728980870     
   4.9000000000000004       0.46909566410962344     
   4.9199999999999999       0.46772201492063148     
   4.9400000000000004       0.46631951445593295     
   4.9600000000000000       0.46488824922830935     
   4.9800000000000004       0.46342830752488701     
   5.0000000000000000       0.46193977940169095     
   5.0200000000000005       0.46042275667808991     
   5.0400000000000000       0.45887733293113242     
   5.0600000000000005       0.45730360348977495     
   5.0800000000000001       0.45570166542900087     
   5.1000000000000005       0.45407161756383285     
   5.1200000000000001       0.45241356044323761     
   5.1399999999999997       0.45072759634392323     
   5.1600000000000001       0.44901382926403044     
   5.1799999999999997       0.44727236491671751     
   5.2000000000000002       0.44550331072363936     
   5.2199999999999998       0.44370677580832119     
   5.2400000000000002       0.44188287098942752     
   5.2599999999999998       0.44003170877392606     
   5.2800000000000002       0.43815340335014796     
   5.2999999999999998       0.43624807058074405     
   5.3200000000000003       0.43431582799553781     
   5.3399999999999999       0.43235679478427569     
   5.3600000000000003       0.43037109178927507     
   5.3799999999999999       0.42835884149796982     
   5.4000000000000004       0.42632016803535489     
   5.4199999999999999       0.42425519715632981     
   5.4400000000000004       0.42216405623794134     
   5.4600000000000000       0.42004687427152620     
   5.4800000000000004       0.41790378185475457     
   5.5000000000000000       0.41573491118357403     
   5.5200000000000005       0.41354039604405501     
   5.5400000000000000       0.41132037180413861     
   5.5600000000000005       0.40907497540528598     
   5.5800000000000001       0.40680434535403137     
   5.6000000000000005       0.40450862171343860     
   5.6200000000000001       0.40218794609446096     
   5.6399999999999997       0.39984246164720610     
   5.6600000000000001       0.39747231305210606     
   5.6799999999999997       0.39507764651099242     
   5.7000000000000002       0.39265860973807809     
   5.7199999999999998       0.39021535195084545     
   5.7400000000000002       0.38774802386084212     
   5.7599999999999998       0.38525677766438415     
   5.7800000000000002       0.38274176703316809     
   5.7999999999999998       0.38020314710479142     
   5.8200000000000003       0.37764107447318335     
   5.8399999999999999       0.37505570717894521     
   5.8600000000000003       0.37244720469960163     
   5.8799999999999999       0.36981572793976347     
   5.9000000000000004       0.36716143922120237     
   5.9199999999999999       0.36448450227283774     
   5.9400000000000004       0.36178508222063777     
   5.9600000000000000       0.35906334557743302     
   5.9800000000000004       0.35631946023264566     
   6.0000000000000000       0.35355359544193288     
   6.0200000000000005       0.35076592181674687     
   6.0400000000000000       0.34795661131381017     
   6.0600000000000005       0.34512583722450896     
   6.0800000000000001       0.34227377416420340     
   6.1000000000000005       0.33940059806145684     
   6.1200000000000001       0.33650648614718337     
   6.1400000000000006       0.33359161694371570     
   6.1600000000000001       0.33065617025379279     
   6.1799999999999997       0.32770032714946901     
   6.2000000000000002       0.32472426996094467     
   6.2199999999999998       0.32172818226531896     
   6.2400000000000002       0.31871224887526628     
   6.2599999999999998       0.31567665582763593     
   6.2800000000000002       0.31262159037197657     
   6.2999999999999998       0.30954724095898573     
   6.3200000000000003       0.30645379722888533     
   6.3399999999999999       0.30334144999972396     
   6.3600000000000003       0.30021039125560600     
   6.3799999999999999       0.29706081413484947     
   6.4000000000000004       0.29389291291807196     
   6.4199999999999999       0.29070688301620695     
   6.4400000000000004       0.28750292095844970     
   6.4600000000000000       0.28428122438013442     
   6.4800000000000004       0.28104199201054320     
   6.5000000000000000       0.27778542366064757     
   6.5200000000000005       0.27451172021078302     
   6.5400000000000000       0.27122108359825797     
   6.5600000000000005       0.26791371680489734     
   6.5800000000000001       0.26458982384452145     
   6.6000000000000005       0.26124960975036171     
   6.6200000000000001       0.25789328056241312     
   6.6400000000000006       0.25452104331472480     
   6.6600000000000001       0.25113310602262923     
   6.6799999999999997       0.24772967766991069     
   6.7000000000000002       0.24431096819591439     
   6.7199999999999998       0.24087718848259621     
   6.7400000000000002       0.23742855034151475     
   6.7599999999999998       0.23396526650076568     
   6.7800000000000002       0.23048755059185963     
   6.7999999999999998       0.22699561713654454     
   6.8200000000000003       0.22348968153357282     
   6.8399999999999999       0.21996996004541464     
   6.8600000000000003       0.21643666978491777     
   6.8799999999999999       0.21289002870191517     
   6.9000000000000004       0.20933025556978072     
   6.9199999999999999       0.20575756997193428     
   6.9400000000000004       0.20217219228829678     
   6.9600000000000000       0.19857434368169616     
   6.9800000000000004       0.19496424608422500     
   7.0000000000000000       0.19134212218355071     
   7.0200000000000005       0.18770819540917916     
   7.0400000000000000       0.18406268991867239     
   7.0600000000000005       0.18040583058382167     
   7.0800000000000001       0.17673784297677628     
   7.1000000000000005       0.17305895335612911     
   7.1200000000000001       0.16936938865296017     
   7.1400000000000006       0.16566937645683821     
   7.1600000000000001       0.16195914500178202     
   7.1799999999999997       0.15823892315218191     
   7.2000000000000002       0.15450894038868226     
   7.2199999999999998       0.15076942679402608     
   7.2400000000000002       0.14702061303886244     
   7.2599999999999998       0.14326273036751766     
   7.2800000000000002       0.13949601058373101     
   7.2999999999999998       0.13572068603635606     
   7.3200000000000003       0.13193698960502820     
   7.3399999999999999       0.12814515468579968     
   7.3600000000000003       0.12434541517674254     
   7.3799999999999999       0.12053800546352075     
   7.4000000000000004       0.11672316040493216     
   7.4199999999999999       0.11290111531842140     
   7.4400000000000004       0.10907210596556426     
   7.4600000000000000       0.10523636853752492     
   7.4800000000000004       0.10139413964048659     
   7.5000000000000000        9.7545656281056464E-002
   7.5200000000000005        9.3691155851646099E-002
   7.5400000000000000        8.9830876115827921E-002
   7.5600000000000005        8.5965055193668885E-002
   7.5800000000000001        8.2093931547042059E-002
   7.6000000000000005        7.8217743964917236E-002
   7.6200000000000001        7.4336731548631338E-002
   7.6400000000000006        7.0451133697139456E-002
   7.6600000000000001        6.6561190092247632E-002
   7.6799999999999997        6.2667140683828199E-002
   7.7000000000000002        5.8769225675018556E-002
   7.7199999999999998        5.4867685507404243E-002
   7.7400000000000002        5.0962760846187456E-002
   7.7599999999999998        4.7054692565341678E-002
   7.7800000000000002        4.3143721732753437E-002
   7.7999999999999998        3.9230089595352118E-002
   7.8200000000000003        3.5314037564228733E-002
   7.8399999999999999        3.1395807199744531E-002
   7.8600000000000003        2.7475640196630475E-002
   7.8799999999999999        2.3553778369078349E-002
   7.9000000000000004        1.9630463635824536E-002
   7.9199999999999999        1.5705938005227345E-002
   7.9400000000000004        1.1780443560338810E-002
   7.9600000000000000        7.8542224439718707E-003
   7.9800000000000004        3.9275168437638806E-003
   8.0000000000000000        5.6897723733771763E-007
 
 
   0.0000000000000000        0.0000000000000000     
   2.0000000000000000E-002   3.9268663284082088E-003
   4.0000000000000001E-002   7.8534904348625135E-003
   5.9999999999999998E-002   1.1779630113595108E-002
   8.0000000000000002E-002   1.5705043188719205E-002
  0.10000000000000001        1.9629487529167138E-002
  0.12000000000000000        2.3552721063625742E-002
  0.14000000000000001        2.7474501795468006E-002
  0.16000000000000000        3.1394587817680161E-002
  0.17999999999999999        3.5312737327783207E-002
  0.20000000000000001        3.9228708642748009E-002
  0.22000000000000000        4.3142260213902994E-002
  0.23999999999999999        4.7053150641833630E-002
  0.26000000000000001        5.0961138691272626E-002
  0.28000000000000003        5.4865983305980047E-002
  0.29999999999999999        5.8767443623612352E-002
  0.32000000000000001        6.2665278990579526E-002
  0.34000000000000002        6.6559248976889279E-002
  0.35999999999999999        7.0449113390977522E-002
  0.38000000000000000        7.4334632294524000E-002
  0.40000000000000002        7.8215566017252519E-002
  0.41999999999999998        8.2091675171714396E-002
  0.44000000000000000        8.5962720668054673E-002
  0.46000000000000002        8.9828463728759828E-002
  0.47999999999999998        9.3688665903386315E-002
  0.50000000000000000        9.7543089083268877E-002
  0.52000000000000002       0.10139149551620777     
  0.54000000000000004       0.10523364782113409     
  0.56000000000000005       0.10906930900275202     
  0.57999999999999996       0.11289824246615753     
  0.59999999999999998       0.11672021203143211     
  0.62000000000000000       0.12053498194821122     
  0.64000000000000001       0.12434231691022590     
  0.66000000000000003       0.12814198206981725     
  0.68000000000000005       0.13193374305242250     
  0.70000000000000007       0.13571736597103196     
  0.71999999999999997       0.13949261744061572     
  0.73999999999999999       0.14325926459251981     
  0.76000000000000001       0.14701707508882986     
  0.78000000000000003       0.15076581713670273     
  0.80000000000000004       0.15450525950266394     
  0.82000000000000006       0.15823517152687097     
  0.83999999999999997       0.16195532313734096     
  0.85999999999999999       0.16566548486414226     
  0.88000000000000000       0.16936542785354883     
  0.90000000000000002       0.17305492388215660     
  0.92000000000000004       0.17673374537096095     
  0.94000000000000006       0.18040166539939440     
  0.95999999999999996       0.18405845771932394     
  0.97999999999999998       0.18770389676900640     
   1.0000000000000000       0.19133775768700198     
   1.0200000000000000       0.19495981632604434     
   1.0400000000000000       0.19856984926686649     
   1.0600000000000001       0.20216763383198225     
   1.0800000000000001       0.20575294809942135     
   1.1000000000000001       0.20932557091641849     
   1.1200000000000001       0.21288528191305442     
   1.1400000000000001       0.21643186151584931     
   1.1599999999999999       0.21996509096130643     
   1.1799999999999999       0.22348475230940631     
   1.2000000000000000       0.22699062845704981     
   1.2200000000000000       0.23048250315144975     
   1.2400000000000000       0.23396016100346997     
   1.2600000000000000       0.23742338750091121     
   1.2800000000000000       0.24087196902174285     
   1.3000000000000000       0.24430569284727974     
   1.3200000000000001       0.24772434717530323     
   1.3400000000000001       0.25112772113312587     
   1.3600000000000001       0.25451560479059870     
   1.3800000000000001       0.25788778917306016     
   1.4000000000000001       0.26124406627422647     
   1.4199999999999999       0.26458422906902201     
   1.4399999999999999       0.26790807152634921     
   1.4600000000000000       0.27121538862179706     
   1.4800000000000000       0.27450597635028784     
   1.5000000000000000       0.27777963173866066     
   1.5200000000000000       0.28103615285819128     
   1.5400000000000000       0.28427533883704798     
   1.5600000000000001       0.28749698987268169     
   1.5800000000000001       0.29070090724415037     
   1.6000000000000001       0.29388689332437701     
   1.6200000000000001       0.29705475159233946     
   1.6400000000000001       0.30020428664519272     
   1.6600000000000001       0.30333530421032184     
   1.6799999999999999       0.30644761115732527     
   1.7000000000000000       0.30954101550992752     
   1.7200000000000000       0.31261532645782131     
   1.7400000000000000       0.31567035436843666     
   1.7600000000000000       0.31870591079863858     
   1.7800000000000000       0.32172180850635035     
   1.8000000000000000       0.32471786146210352     
   1.8200000000000001       0.32769388486051237     
   1.8400000000000001       0.33064969513167375     
   1.8600000000000001       0.33358510995248969     
   1.8800000000000001       0.33649994825791402     
   1.9000000000000001       0.33939403025212078     
   1.9199999999999999       0.34226717741959461     
   1.9399999999999999       0.34511921253614219     
   1.9600000000000000       0.34794995967982384     
   1.9800000000000000       0.35075924424180493     
   2.0000000000000000       0.35354689293712649     
   2.0200000000000000       0.35631273381539341     
   2.0400000000000000       0.35905659627138137     
   2.0600000000000001       0.36177831105556013     
   2.0800000000000001       0.36447771028453313     
   2.1000000000000001       0.36715462745139338     
   2.1200000000000001       0.36980889743599371     
   2.1400000000000001       0.37244035651513219     
   2.1600000000000001       0.37504884237265090     
   2.1800000000000002       0.37763419410944815     
   2.2000000000000002       0.38019625225340314     
   2.2200000000000002       0.38273485876921276     
   2.2400000000000002       0.38524985706813941     
   2.2600000000000002       0.38774109201767026     
   2.2800000000000002       0.39020840995108602     
   2.3000000000000003       0.39265165867693963     
   2.3199999999999998       0.39507068748844387     
   2.3399999999999999       0.39746534717276732     
   2.3599999999999999       0.39983549002023838     
   2.3799999999999999       0.40218096983345630     
   2.3999999999999999       0.40450164193630933     
   2.4199999999999999       0.40679736318289839     
   2.4399999999999999       0.40906799196636701     
   2.4600000000000000       0.41131338822763591     
   2.4800000000000000       0.41353341346404249     
   2.5000000000000000       0.41572793073788367     
   2.5200000000000000       0.41789680468486307     
   2.5400000000000000       0.42003990152244031     
   2.5600000000000001       0.42215708905808341     
   2.5800000000000001       0.42424823669742245     
   2.6000000000000001       0.42631321545230555     
   2.6200000000000001       0.42835189794875461     
   2.6400000000000001       0.43036415843482262     
   2.6600000000000001       0.43234987278835019     
   2.6800000000000002       0.43430891852462178     
   2.7000000000000002       0.43624117480392088     
   2.7200000000000002       0.43814652243898383     
   2.7400000000000002       0.44002484390235175     
   2.7600000000000002       0.44187602333361969     
   2.7800000000000002       0.44369994654658362     
   2.8000000000000003       0.44549650103628330     
   2.8199999999999998       0.44726557598594247     
   2.8399999999999999       0.44900706227380383     
   2.8599999999999999       0.45072085247986032     
   2.8799999999999999       0.45240684089248101     
   2.8999999999999999       0.45406492351493177     
   2.9199999999999999       0.45569499807178987     
   2.9399999999999999       0.45729696401525294     
   2.9600000000000000       0.45887072253134081     
   2.9800000000000000       0.46041617654599082     
   3.0000000000000000       0.46193323073104536     
   3.0200000000000000       0.46342179151013257     
   3.0400000000000000       0.46488176706443768     
   3.0600000000000001       0.46631306733836703     
   3.0800000000000001       0.46771560404510315     
   3.1000000000000001       0.46908929067205019     
   3.1200000000000001       0.47043404248617049     
   3.1400000000000001       0.47174977653921102     
   3.1600000000000001       0.47303641167282001     
   3.1800000000000002       0.47429386852355315     
   3.2000000000000002       0.47552206952776838     
   3.2200000000000002       0.47672093892641099     
   3.2400000000000002       0.47789040276968625     
   3.2600000000000002       0.47903038892162086     
   3.2800000000000002       0.48014082706451255     
   3.3000000000000003       0.48122164870326767     
   3.3200000000000003       0.48227278716962585     
   3.3399999999999999       0.48329417762627253     
   3.3599999999999999       0.48428575707083815     
   3.3799999999999999       0.48524746433978461     
   3.3999999999999999       0.48617924011217761     
   3.4199999999999999       0.48708102691334593     
   3.4399999999999999       0.48795276911842689     
   3.4600000000000000       0.48879441295579706     
   3.4800000000000000       0.48960590651038910     
   3.5000000000000000       0.49038719972689432     
   3.5200000000000000       0.49113824441285009     
   3.5400000000000000       0.49185899424161217     
   3.5600000000000001       0.49254940475521297     
   3.5800000000000001       0.49320943336710321     
   3.6000000000000001       0.49383903936477902     
   3.6200000000000001       0.49443818391229327     
   3.6400000000000001       0.49500683005265111     
   3.6600000000000001       0.49554494271008925     
   3.6800000000000002       0.49605248869224000     
   3.7000000000000002       0.49652943669217842     
   3.7200000000000002       0.49697575729035343     
   3.7400000000000002       0.49739142295640248     
   3.7600000000000002       0.49777640805084977     
   3.7800000000000002       0.49813068882668787     
   3.8000000000000003       0.49845424343084221     
   3.8200000000000003       0.49874705190551932     
   3.8399999999999999       0.49900909618943767     
   3.8599999999999999       0.49924036011894196     
   3.8799999999999999       0.49944082942900009     
   3.8999999999999999       0.49961049175408273     
   3.9199999999999999       0.49974933662892657     
   3.9399999999999999       0.49985735548917970     
   3.9600000000000000       0.49993454167192952     
   3.9800000000000000       0.49998089041611421     
   4.0000000000000000       0.49999639886281627     
   4.0200000000000005       0.49998106605543863     
   4.0400000000000000       0.49993489293976395     
   4.0600000000000005       0.49985788236389606     
   4.0800000000000001       0.49975003907808430     
   4.0999999999999996       0.49961136973443082     
   4.1200000000000001       0.49944188288648006     
   4.1399999999999997       0.49924158898869070     
   4.1600000000000001       0.49901050039579170     
   4.1799999999999997       0.49874863136201936     
   4.2000000000000002       0.49845599804023866     
   4.2199999999999998       0.49813261848094659     
   4.2400000000000002       0.49777851263115880     
   4.2599999999999998       0.49739370233317942     
   4.2800000000000002       0.49697821132325343     
   4.2999999999999998       0.49653206523010279     
   4.3200000000000003       0.49605529157334532     
   4.3399999999999999       0.49554791976179768     
   4.3600000000000003       0.49500998109166078     
   4.3799999999999999       0.49444150874458970     
   4.4000000000000004       0.49384253778564680     
   4.4199999999999999       0.49321310516113909     
   4.4400000000000004       0.49255324969633868     
   4.4600000000000000       0.49186301209308847     
   4.4800000000000004       0.49114243492729137     
   4.5000000000000000       0.49039156264628403     
   4.5200000000000005       0.48961044156609518     
   4.5400000000000000       0.48879911986858882     
   4.5600000000000005       0.48795764759849219     
   4.5800000000000001       0.48708607666030890     
   4.6000000000000005       0.48618446081511713     
   4.6200000000000001       0.48525285567725368     
   4.6399999999999997       0.48429131871088343     
   4.6600000000000001       0.48329990922645488     
   4.6799999999999997       0.48227868837704146     
   4.7000000000000002       0.48122771915456974     
   4.7199999999999998       0.48014706638593363     
   4.7400000000000002       0.47903679672899580     
   4.7599999999999998       0.47789697866847614     
   4.7800000000000002       0.47672768251172720     
   4.7999999999999998       0.47552898038439745     
   4.8200000000000003       0.47430094622598257     
   4.8399999999999999       0.47304365578526425     
   4.8600000000000003       0.47175718661563831     
   4.8799999999999999       0.47044161807033053     
   4.9000000000000004       0.46909703129750213     
   4.9199999999999999       0.46772350923524419     
   4.9400000000000004       0.46632113660646191     
   4.9600000000000000       0.46488999991364854     
   4.9800000000000004       0.46343018743354969     
   5.0000000000000000       0.46194178921171819     
   5.0200000000000005       0.46042489705695983     
   5.0400000000000000       0.45887960453567023     
   5.0600000000000005       0.45730600696606344     
   5.0800000000000001       0.45570420141229234     
   5.1000000000000005       0.45407428667846172     
   5.1200000000000001       0.45241636330253343     
   5.1399999999999997       0.45073053355012493     
   5.1600000000000001       0.44901690140820155     
   5.1799999999999997       0.44727557257866196     
   5.2000000000000002       0.44550665447181825     
   5.2199999999999998       0.44371025619977050     
   5.2400000000000002       0.44188648856967672     
   5.2599999999999998       0.44003546407691735     
   5.2800000000000002       0.43815729689815675     
   5.2999999999999998       0.43625210288430022     
   5.3200000000000003       0.43431999955334810     
   5.3399999999999999       0.43236110608314665     
   5.3600000000000003       0.43037554330403710     
   5.3799999999999999       0.42836343369140228     
   5.4000000000000004       0.42632490135811207     
   5.4199999999999999       0.42426007204686778     
   5.4400000000000004       0.42216907312244584     
   5.4600000000000000       0.42005203356384174     
   5.4800000000000004       0.41790908395631399     
   5.5000000000000000       0.41574035648332952     
   5.5200000000000005       0.41354598491840999     
   5.5400000000000000       0.41132610461688035     
   5.5600000000000005       0.40908085250751969     
   5.5800000000000001       0.40681036708411494     
   5.6000000000000005       0.40451478839691862     
   5.6200000000000001       0.40219425804400943     
   5.6399999999999997       0.39984891916255866     
   5.6600000000000001       0.39747891642000083     
   5.6799999999999997       0.39508439600510997     
   5.7000000000000002       0.39266550561898284     
   5.7199999999999998       0.39022239446592755     
   5.7400000000000002       0.38775521324426088     
   5.7599999999999998       0.38526411413701234     
   5.7800000000000002       0.38274925080253708     
   5.7999999999999998       0.38021077836503814     
   5.8200000000000003       0.37764885340499743     
   5.8399999999999999       0.37506363394951792     
   5.8600000000000003       0.37245527946257545     
   5.8799999999999999       0.36982395083518316     
   5.9000000000000004       0.36716981037546675     
   5.9199999999999999       0.36449302179865323     
   5.9400000000000004       0.36179375021697202     
   5.9600000000000000       0.35907216212947085     
   5.9800000000000004       0.35632842541174520     
   6.0000000000000000       0.35356270930558353     
   6.0200000000000005       0.35077518440852778     
   6.0400000000000000       0.34796602266335031     
   6.0600000000000005       0.34513539734744830     
   6.0800000000000001       0.34228348306215522     
   6.1000000000000005       0.33941045572197087     
   6.1200000000000001       0.33651649254371074     
   6.1400000000000006       0.33360177203557434     
   6.1600000000000001       0.33066647398613469     
   6.1799999999999997       0.32771077945324822     
   6.2000000000000002       0.32473487075288654     
   6.2199999999999998       0.32173893144789090     
   6.2400000000000002       0.31872314633664905     
   6.2599999999999998       0.31568770144169689     
   6.2800000000000002       0.31263278399824362     
   6.2999999999999998       0.30955858244262274     
   6.3200000000000003       0.30646528640066850     
   6.3399999999999999       0.30335308667601957     
   6.3600000000000003       0.30022217523834938     
   6.3799999999999999       0.29707274521152510     
   6.4000000000000004       0.29390499086169508     
   6.4199999999999999       0.29071910758530584     
   6.4400000000000004       0.28751529189704972     
   6.4600000000000000       0.28429374141774305     
   6.4800000000000004       0.28105465486213627     
   6.5000000000000000       0.27779823202665688     
   6.5200000000000005       0.27452467377708500     
   6.5400000000000000       0.27123418203616390     
   6.5600000000000005       0.26792695977114439     
   6.5800000000000001       0.26460321098126532     
   6.6000000000000005       0.26126314068517043     
   6.6200000000000001       0.25790695490826182     
   6.6400000000000006       0.25453486066999237     
   6.6600000000000001       0.25114706597109537     
   6.6799999999999997       0.24774377978075504     
   6.7000000000000002       0.24432521202371635     
   6.7199999999999998       0.24089157356733645     
   6.7400000000000002       0.23744307620857760     
   6.7599999999999998       0.23397993266094300     
   6.7800000000000002       0.23050235654135587     
   6.7999999999999998       0.22701056235698305     
   6.8200000000000003       0.22350476549200360     
   6.8399999999999999       0.21998518219432309     
   6.8600000000000003       0.21645202956223494     
   6.8799999999999999       0.21290552553102909     
   6.9000000000000004       0.20934588885954922     
   6.9199999999999999       0.20577333911669876     
   6.9400000000000004       0.20218809666789769     
   6.9600000000000000       0.19859038266148926     
   6.9800000000000004       0.19498041901509935     
   7.0000000000000000       0.19135842840194761     
   7.0200000000000005       0.18772463423711241     
   7.0400000000000000       0.18407926066375008     
   7.0600000000000005       0.18042253253926890     
   7.0800000000000001       0.17675467542145934     
   7.1000000000000005       0.17307591555458093     
   7.1200000000000001       0.16938647985540700     
   7.1400000000000006       0.16568659589922749     
   7.1600000000000001       0.16197649190581173     
   7.1799999999999997       0.15825639672533101     
   7.2000000000000002       0.15452653982424244     
   7.2199999999999998       0.15078715127113487     
   7.2400000000000002       0.14703846172253748     
   7.2599999999999998       0.14328070240869220     
   7.2800000000000002       0.13951410511929080     
   7.2999999999999998       0.13573890218917747     
   7.3200000000000003       0.13195532648401759     
   7.3399999999999999       0.12816361138593396     
   7.3600000000000003       0.12436399077911110     
   7.3799999999999999       0.12055669903536857     
   7.4000000000000004       0.11674197099970421     
   7.4199999999999999       0.11292004197580829     
   7.4400000000000004       0.10909114771154915     
   7.4600000000000000       0.10525552438443167     
   7.4800000000000004       0.10141340858702914     
   7.5000000000000000        9.7565037312389497E-002
   7.5200000000000005        9.3710647939416872E-002
   7.5400000000000000        8.9850478218229460E-002
   7.5600000000000005        8.5984766255494255E-002
   7.5800000000000001        8.2113750499740040E-002
   7.6000000000000005        7.8237669726649139E-002
   7.6200000000000001        7.4356763024329003E-002
   7.6400000000000006        7.0471269778564591E-002
   7.6600000000000001        6.6581429658052291E-002
   7.6799999999999997        6.2687482599616526E-002
   7.7000000000000002        5.8789668793409668E-002
   7.7199999999999998        5.4888228668096450E-002
   7.7400000000000002        5.0983402876023577E-002
   7.7599999999999998        4.7075432278375628E-002
   7.7800000000000002        4.3164557930317975E-002
   7.7999999999999998        3.9251021066127829E-002
   7.8200000000000003        3.5335063084314160E-002
   7.8399999999999999        3.1416925532727562E-002
   7.8600000000000003        2.7496850093660846E-002
   7.8799999999999999        2.3575078568941366E-002
   7.9000000000000004        1.9651852865015969E-002
   7.9199999999999999        1.5727414978029493E-002
   7.9400000000000004        1.1802006978897732E-002
   7.9600000000000000        7.8758709983757814E-003
   7.9800000000000004        3.9492492121227041E-003
   8.0000000000000000        2.2383825763415267E-005
 
 
   0.0000000000000000        0.0000000000000000     
   2.0000000000000000E-002   3.9269374694417712E-003
   4.0000000000000001E-002   7.8536327066902334E-003
   5.9999999999999998E-002   1.1779843495739253E-002
   8.0000000000000002E-002   1.5705327650465693E-002
  0.10000000000000001        1.9629843029568526E-002
  0.12000000000000000        2.3553147551505185E-002
  0.14000000000000001        2.7474999209424224E-002
  0.16000000000000000        3.1395156086093390E-002
  0.17999999999999999        3.5313376368822140E-002
  0.20000000000000001        3.9229418364377718E-002
  0.22000000000000000        4.3143040513893879E-002
  0.23999999999999999        4.7054001407771308E-002
  0.26000000000000001        5.0962059800568851E-002
  0.28000000000000003        5.4866974625884572E-002
  0.29999999999999999        5.8768505011225818E-002
  0.32000000000000001        6.2666410292867306E-002
  0.34000000000000002        6.6560450030696355E-002
  0.35999999999999999        7.0450384023044238E-002
  0.38000000000000000        7.4335972321502949E-002
  0.40000000000000002        7.8216975245726253E-002
  0.41999999999999998        8.2093153398214255E-002
  0.44000000000000000        8.5964267679080469E-002
  0.46000000000000002        8.9830079300800614E-002
  0.47999999999999998        9.3690349802942011E-002
  0.50000000000000000        9.7544841066872973E-002
  0.52000000000000002       0.10139331533045097     
  0.54000000000000004       0.10523553520268882     
  0.56000000000000005       0.10907126367839809     
  0.57999999999999996       0.11290026415280860     
  0.59999999999999998       0.11672230043616323     
  0.62000000000000000       0.12053713676828723     
  0.64000000000000001       0.12434453783313085     
  0.66000000000000003       0.12814426877328472     
  0.68000000000000005       0.13193609520446697     
  0.70000000000000007       0.13571978322998102     
  0.71999999999999997       0.13949509945514327     
  0.73999999999999999       0.14326181100168020     
  0.76000000000000001       0.14701968552209302     
  0.78000000000000003       0.15076849121399016     
  0.80000000000000004       0.15450799683438568     
  0.82000000000000006       0.15823797171396348     
  0.83999999999999997       0.16195818577130591     
  0.85999999999999999       0.16566840952708634     
  0.88000000000000000       0.16936841411822434     
  0.90000000000000002       0.17305797131200307     
  0.92000000000000004       0.17673685352014759     
  0.94000000000000006       0.18040483381286360     
  0.95999999999999996       0.18406168593283548     
  0.97999999999999998       0.18770718430918273     
   1.0000000000000000       0.19134110407137433     
   1.0200000000000000       0.19496322106309968     
   1.0400000000000000       0.19857331185609553     
   1.0600000000000001       0.20217115376392814     
   1.0800000000000001       0.20575652485572940     
   1.1000000000000001       0.20932920396988666     
   1.1200000000000001       0.21288897072768490     
   1.1400000000000001       0.21643560554690067     
   1.1599999999999999       0.21996888965534686     
   1.1799999999999999       0.22348860510436763     
   1.2000000000000000       0.22699453478228243     
   1.2200000000000000       0.23048646242777823     
   1.2400000000000000       0.23396417264324981     
   1.2600000000000000       0.23742745090808617     
   1.2800000000000000       0.24087608359190324     
   1.3000000000000000       0.24430985796772151     
   1.3200000000000001       0.24772856222508788     
   1.3400000000000001       0.25113198548314131     
   1.3600000000000001       0.25451991780362077     
   1.3800000000000001       0.25789215020381495     
   1.4000000000000001       0.26124847466945367     
   1.4199999999999999       0.26458868416753872     
   1.4399999999999999       0.26791257265911478     
   1.4600000000000000       0.27121993511197889     
   1.4800000000000000       0.27451056751332747     
   1.5000000000000000       0.27778426688234104     
   1.5200000000000000       0.28104083128270468     
   1.5400000000000000       0.28428005983506471     
   1.5600000000000001       0.28750175272941958     
   1.5800000000000001       0.29070571123744504     
   1.6000000000000001       0.29389173772475258     
   1.6200000000000001       0.29705963566308058     
   1.6400000000000001       0.30020920964241687     
   1.6600000000000001       0.30334026538305248     
   1.6799999999999999       0.30645260974756583     
   1.7000000000000000       0.30954605075273611     
   1.7200000000000000       0.31262039758138588     
   1.7400000000000000       0.31567546059415119     
   1.7600000000000000       0.31871105134117977     
   1.7800000000000000       0.32172698257375515     
   1.8000000000000000       0.32472306825584718     
   1.8200000000000001       0.32769912357558739     
   1.8400000000000001       0.33065496495666929     
   1.8600000000000001       0.33359041006967177     
   1.8800000000000001       0.33650527784330631     
   1.9000000000000001       0.33939938847558609     
   1.9199999999999999       0.34227256344491708     
   1.9399999999999999       0.34512462552111001     
   1.9600000000000000       0.34795539877631276     
   1.9800000000000000       0.35076470859586217     
   2.0000000000000000       0.35355238168905534     
   2.0200000000000000       0.35631824609983875     
   2.0400000000000000       0.35906213121741537     
   2.0600000000000001       0.36178386778676863     
   2.0800000000000001       0.36448328791910295     
   2.1000000000000001       0.36716022510219964     
   2.1200000000000001       0.36981451421068839     
   2.1400000000000001       0.37244599151623276     
   2.1600000000000001       0.37505449469762964     
   2.1800000000000002       0.37763986285082207     
   2.2000000000000002       0.38020193649882444     
   2.2200000000000002       0.38274055760155978     
   2.2400000000000002       0.38525556956560836     
   2.2600000000000002       0.38774681725386689     
   2.2800000000000002       0.39021414699511847     
   2.3000000000000003       0.39265740659351128     
   2.3199999999999998       0.39507644533794706     
   2.3399999999999999       0.39747111401137730     
   2.3599999999999999       0.39984126490000793     
   2.3799999999999999       0.40218675180241065     
   2.3999999999999999       0.40450743003854162     
   2.4199999999999999       0.40680315645866566     
   2.4399999999999999       0.40907378945218659     
   2.4600000000000000       0.41131918895638220     
   2.4800000000000000       0.41353921646504410     
   2.5000000000000000       0.41573373503702138     
   2.5200000000000000       0.41790260930466760     
   2.5400000000000000       0.42004570548219117     
   2.5600000000000001       0.42216289137390739     
   2.5800000000000001       0.42425403638239334     
   2.6000000000000001       0.42631901151654350     
   2.6200000000000001       0.42835768939952629     
   2.6400000000000001       0.43036994427664160     
   2.6600000000000001       0.43235565202307791     
   2.6800000000000002       0.43431469015156837     
   2.7000000000000002       0.43624693781994678     
   2.7200000000000002       0.43815227583860172     
   2.7400000000000002       0.44003058667782846     
   2.7600000000000002       0.44188175447507877     
   2.7800000000000002       0.44370566504210779     
   2.8000000000000003       0.44550220587201800     
   2.8199999999999998       0.44727126614619855     
   2.8399999999999999       0.44901273674116166     
   2.8599999999999999       0.45072651023527349     
   2.8799999999999999       0.45241248091538039     
   2.8999999999999999       0.45407054478332987     
   2.9199999999999999       0.45570059956238557     
   2.9399999999999999       0.45730254470353621     
   2.9600000000000000       0.45887628139169800     
   2.9800000000000000       0.46042171255180969     
   3.0000000000000000       0.46193874285482089     
   3.0200000000000000       0.46342727872357237     
   3.0400000000000000       0.46488722833856794     
   3.0600000000000001       0.46631850164363881     
   3.0800000000000001       0.46772101035149832     
   3.1000000000000001       0.46909466794918792     
   3.1200000000000001       0.47043938970341376     
   3.1400000000000001       0.47175509266577359     
   3.1600000000000001       0.47304169567787280     
   3.1800000000000002       0.47429911937633129     
   3.2000000000000002       0.47552728619767870     
   3.2200000000000002       0.47672612038313861     
   3.2400000000000002       0.47789554798330214     
   3.2600000000000002       0.47903549686268909     
   3.2800000000000002       0.48014589670419788     
   3.3000000000000003       0.48122667901344279     
   3.3200000000000003       0.48227777712297909     
   3.3399999999999999       0.48329912619641541     
   3.3599999999999999       0.48429066323241310     
   3.3799999999999999       0.48525232706857235     
   3.3999999999999999       0.48618405838520512     
   3.4199999999999999       0.48708579970899429     
   3.4399999999999999       0.48795749541653849     
   3.4600000000000000       0.48879909173778358     
   3.4800000000000000       0.48961053675933941     
   3.5000000000000000       0.49039178042768172     
   3.5200000000000000       0.49114277455224009     
   3.5400000000000000       0.49186347280837023     
   3.5600000000000001       0.49255383074021175     
   3.5800000000000001       0.49321380576343016     
   3.6000000000000001       0.49384335716784372     
   3.6200000000000001       0.49444244611993476     
   3.6400000000000001       0.49501103566524501     
   3.6600000000000001       0.49554909073065506     
   3.6800000000000002       0.49605657812654796     
   3.7000000000000002       0.49653346654885633     
   3.7200000000000002       0.49697972658099338     
   3.7400000000000002       0.49739533069566760     
   3.7600000000000002       0.49778025325658065     
   3.7800000000000002       0.49813447052000875     
   3.8000000000000003       0.49845796063626713     
   3.8200000000000003       0.49875070365105828     
   3.8399999999999999       0.49901268150670219     
   3.8599999999999999       0.49924387804325066     
   3.8799999999999999       0.49944427899948407     
   3.8999999999999999       0.49961387201379087     
   3.9199999999999999       0.49975264662493035     
   3.9399999999999999       0.49986059427267776     
   3.9600000000000000       0.49993770829835243     
   3.9800000000000000       0.49998398394522842     
   4.0000000000000000       0.49999941835882811     
   4.0200000000000005       0.49998401058709807     
   4.0400000000000000       0.49993776158046782     
   4.0600000000000005       0.49986067419179137     
   4.0800000000000001       0.49975275317617107     
   4.0999999999999996       0.49961400519066440     
   4.1200000000000001       0.49944443879387324     
   4.1399999999999997       0.49924406444541591     
   4.1600000000000001       0.49901289450528225     
   4.1799999999999997       0.49875094323307079     
   4.2000000000000002       0.49845822678710960     
   4.2199999999999998       0.49813476322345906     
   4.2400000000000002       0.49778057249479851     
   4.2599999999999998       0.49739567644919536     
   4.2800000000000002       0.49698009882875721     
   4.2999999999999998       0.49653386526816762     
   4.3200000000000003       0.49605700329310470     
   4.3399999999999999       0.49554954231854315     
   4.3600000000000003       0.49501151364693990     
   4.3799999999999999       0.49444295046630338     
   4.4000000000000004       0.49384388784814598     
   4.4199999999999999       0.49321436274532088     
   4.4400000000000004       0.49255441398974276     
   4.4600000000000000       0.49186408228999229     
   4.4800000000000004       0.49114341022880498     
   4.5000000000000000       0.49039244226044476     
   4.5200000000000005       0.48961122470796165     
   4.5400000000000000       0.48879980576033433     
   4.5600000000000005       0.48795823546949774     
   4.5800000000000001       0.48708656574725551     
   4.6000000000000005       0.48618485036207809     
   4.6200000000000001       0.48525314493578564     
   4.6399999999999997       0.48429150694011741     
   4.6600000000000001       0.48329999569318638     
   4.6799999999999997       0.48227867235582056     
   4.7000000000000002       0.48122759992778991     
   4.7199999999999998       0.48014684324392054     
   4.7400000000000002       0.47903646897009527     
   4.7599999999999998       0.47789654559914141     
   4.7800000000000002       0.47672714344660594     
   4.7999999999999998       0.47552833464641781     
   4.8200000000000003       0.47430019314643884     
   4.8399999999999999       0.47304279470390198     
   4.8600000000000003       0.47175621688073821     
   4.8799999999999999       0.47044053903879246     
   4.9000000000000004       0.46909584233492801     
   4.9199999999999999       0.46772220971602041     
   4.9400000000000004       0.46631972591384113     
   4.9600000000000000       0.46488847743983047     
   4.9800000000000004       0.46342855257976173     
   5.0000000000000000       0.46194004138829492     
   5.0200000000000005       0.46042303568342202     
   5.0400000000000000       0.45887762904080298     
   5.0600000000000005       0.45730391678799398     
   5.0800000000000001       0.45570199599856676     
   5.1000000000000005       0.45407196548612083     
   5.1200000000000001       0.45241392579818857     
   5.1399999999999997       0.45072797921003238     
   5.1600000000000001       0.44901422971833627     
   5.1799999999999997       0.44727278303479101     
   5.2000000000000002       0.44550374657957292     
   5.2199999999999998       0.44370722947471813     
   5.2400000000000002       0.44188334253739125     
   5.2599999999999998       0.44003219827304973     
   5.2800000000000002       0.43815391086850397     
   5.2999999999999998       0.43624859618487372     
   5.3200000000000003       0.43431637175044152     
   5.3399999999999999       0.43235735675340270     
   5.3600000000000003       0.43037167203451349     
   5.3799999999999999       0.42835944007963700     
   5.4000000000000004       0.42632078501218784     
   5.4199999999999999       0.42425583258547545     
   5.4400000000000004       0.42216471017494722     
   5.4600000000000000       0.42004754677033129     
   5.4800000000000004       0.41790447296768007     
   5.5000000000000000       0.41573562096131433     
   5.5200000000000005       0.41354112453566899     
   5.5400000000000000       0.41132111905704044     
   5.5600000000000005       0.40907574146523684     
   5.5800000000000001       0.40680513026513110     
   5.6000000000000005       0.40450942551811692     
   5.6200000000000001       0.40218876883346955     
   5.6399999999999997       0.39984330335961049     
   5.6600000000000001       0.39747317377527752     
   5.6799999999999997       0.39507852628060031     
   5.7000000000000002       0.39265950858808207     
   5.7199999999999998       0.39021626991348823     
   5.7400000000000002       0.38774896096664158     
   5.7599999999999998       0.38525773394212648     
   5.7800000000000002       0.38274274250990042     
   5.7999999999999998       0.38020414180581508     
   5.8200000000000003       0.37764208842204688     
   5.8399999999999999       0.37505674039743769     
   5.8600000000000003       0.37244825720774610     
   5.8799999999999999       0.36981679975581061     
   5.9000000000000004       0.36716253036162416     
   5.9199999999999999       0.36448561275232150     
   5.9400000000000004       0.36178621205207989     
   5.9600000000000000       0.35906449477193358     
   5.9800000000000004       0.35632062879950238     
   6.0000000000000000       0.35355478338863594     
   6.0200000000000005       0.35076712914897312     
   6.0400000000000000       0.34795783803541819     
   6.0600000000000005       0.34512708333753395     
   6.0800000000000001       0.34227503966885237     
   6.1000000000000005       0.33940188295610363     
   6.1200000000000001       0.33650779042836410     
   6.1400000000000006       0.33359294060612438     
   6.1600000000000001       0.33065751329027693     
   6.1799999999999997       0.32770168955102552     
   6.2000000000000002       0.32472565171671586     
   6.2199999999999998       0.32172958336258867     
   6.2400000000000002       0.31871366929945621     
   6.2599999999999998       0.31567809556230203     
   6.2800000000000002       0.31262304939880581     
   6.2999999999999998       0.30954871925779276     
   6.3200000000000003       0.30645529477760958     
   6.3399999999999999       0.30334296677442640     
   6.3600000000000003       0.30021192723046686     
   6.3799999999999999       0.29706236928216517     
   6.4000000000000004       0.29389448720825312     
   6.4199999999999999       0.29070847641777586     
   6.4400000000000004       0.28750453343803822     
   6.4600000000000000       0.28428285590248215     
   6.4800000000000004       0.28104364253849556     
   6.5000000000000000       0.27778709315515432     
   6.5200000000000005       0.27451340863089679     
   6.5400000000000000       0.27122279090113277     
   6.5600000000000005       0.26791544294578762     
   6.5800000000000001       0.26459156877678103     
   6.6000000000000005       0.26125137342544297     
   6.6200000000000001       0.25789506292986641     
   6.6400000000000006       0.25452284432219796     
   6.6600000000000001       0.25113492561586709     
   6.6799999999999997       0.24773151579275518     
   6.7000000000000002       0.24431282479030428     
   6.7199999999999998       0.24087906348856750     
   6.7400000000000002       0.23743044369720084     
   6.7599999999999998       0.23396717814239801     
   6.7800000000000002       0.23048948045376821     
   6.7999999999999998       0.22699756515115885     
   6.8200000000000003       0.22349164763142279     
   6.8399999999999999       0.21997194415513183     
   6.8600000000000003       0.21643867183323667     
   6.8799999999999999       0.21289204861367464     
   6.9000000000000004       0.20933229326792571     
   6.9199999999999999       0.20575962537751769     
   6.9400000000000004       0.20217426532048138     
   6.9600000000000000       0.19857643425775673     
   6.9800000000000004       0.19496635411955068     
   7.0000000000000000       0.19134424759164748     
   7.0200000000000005       0.18771033810167245     
   7.0400000000000000       0.18406484980530999     
   7.0600000000000005       0.18040800757247660     
   7.0800000000000001       0.17674003697345000     
   7.1000000000000005       0.17306116426495491     
   7.1200000000000001       0.16937161637620643     
   7.1400000000000006       0.16567162089491225     
   7.1600000000000001       0.16196140605323381     
   7.1799999999999997       0.15824120071370809     
   7.2000000000000002       0.15451123435513026     
   7.2199999999999998       0.15077173705839841     
   7.2400000000000002       0.14702293949232126     
   7.2599999999999998       0.14326507289938925     
   7.2800000000000002       0.13949836908151070     
   7.2999999999999998       0.13572306038571313     
   7.3200000000000003       0.13193937968981106     
   7.3399999999999999       0.12814756038804115     
   7.3600000000000003       0.12434783637666529     
   7.3799999999999999       0.12054044203954292     
   7.4000000000000004       0.11672561223367320     
   7.4199999999999999       0.11290358227470793     
   7.4400000000000004       0.10907458792243625     
   7.4600000000000000       0.10523886536624200     
   7.4800000000000004       0.10139665121053439     
   7.5000000000000000        9.7548182460153274E-002
   7.5200000000000005        9.3693696505749643E-002
   7.5400000000000000        8.9833431109142242E-002
   7.5600000000000005        8.5967624388651465E-002
   7.5800000000000001        8.2096514804411047E-002
   7.6000000000000005        7.8220341143658875E-002
   7.6200000000000001        7.4339342506007475E-002
   7.6400000000000006        7.0453758288695323E-002
   7.6600000000000001        6.6563828171819758E-002
   7.6799999999999997        6.2669792103552405E-002
   7.7000000000000002        5.8771890285338149E-002
   7.7199999999999998        5.4870363157078418E-002
   7.7400000000000002        5.0965451382299798E-002
   7.7599999999999998        4.7057395833308854E-002
   7.7800000000000002        4.3146437576333997E-002
   7.7999999999999998        3.9232817856655514E-002
   7.8200000000000003        3.5316778083724444E-002
   7.8399999999999999        3.1398559816271376E-002
   7.8600000000000003        2.7478404747406072E-002
   7.8799999999999999        2.3556554689708707E-002
   7.9000000000000004        1.9633251560313824E-002
   7.9199999999999999        1.5708737365987817E-002
   7.9400000000000004        1.1783254188200861E-002
   7.9600000000000000        7.8570441681942577E-003
   7.9800000000000004        3.9303494920440909E-003
   8.0000000000000000        3.4123757221147835E-006
