   2.4087253190772548       0.54153259673453857     
   10.665475494624317       0.21139570243574840     
   15.952498948648058        4.5347909368183614E-002
   17.396393239510289        5.5090963903012590E-003
   17.596061659103562        1.7654364478936202E-004
   17.602672037327011        7.2444691855827470E-007
   0.0000000000000000        0.0000000000000000     
   2.0000000000000000E-002   3.9269481318636862E-003
   4.0000000000000001E-002   7.8536540299993882E-003
   5.9999999999999998E-002   1.1779875476866458E-002
   8.0000000000000002E-002   1.5705370284807542E-002
  0.10000000000000001        1.9629896310987844E-002
  0.12000000000000000        2.3553211472331619E-002
  0.14000000000000001        2.7475073760454993E-002
  0.16000000000000000        3.1395241256594174E-002
  0.17999999999999999        3.5313472146528115E-002
  0.20000000000000001        3.9229524735494757E-002
  0.22000000000000000        4.3143157463099872E-002
  0.23999999999999999        4.7054128918217676E-002
  0.26000000000000001        5.0962197853882139E-002
  0.28000000000000003        5.4867123202168265E-002
  0.29999999999999999        5.8768664089062256E-002
  0.32000000000000001        6.2666579849319767E-002
  0.34000000000000002        6.6560630041311269E-002
  0.35999999999999999        7.0450574461853585E-002
  0.38000000000000000        7.4336173161026739E-002
  0.40000000000000002        7.8217186456975216E-002
  0.41999999999999998        8.2093374950692632E-002
  0.44000000000000000        8.5964499540789011E-002
  0.46000000000000002        8.9830321438239644E-002
  0.47999999999999998        9.3690602181114718E-002
  0.50000000000000000        9.7545103649288770E-002
  0.52000000000000002       0.10139358807912900     
  0.54000000000000004       0.10523581807816176     
  0.56000000000000005       0.10907155663971591     
  0.57999999999999996       0.11290056715754250     
  0.59999999999999998       0.11672261344040984     
  0.62000000000000000       0.12053745972667280     
  0.64000000000000001       0.12434487069881571     
  0.66000000000000003       0.12814461149796783     
  0.68000000000000005       0.13193644773839056     
  0.70000000000000007       0.13572014552193543     
  0.71999999999999997       0.13949547145247204     
  0.73999999999999999       0.14326219265028506     
  0.76000000000000001       0.14702007676643919     
  0.78000000000000003       0.15076889199711174     
  0.80000000000000004       0.15450840709789124     
  0.82000000000000006       0.15823839139804163     
  0.83999999999999997       0.16195861481473123     
  0.85999999999999999       0.16566884786722530     
  0.88000000000000000       0.16936886169104137     
  0.90000000000000002       0.17305842805206678     
  0.92000000000000004       0.17673731936063722     
  0.94000000000000006       0.18040530868557547     
  0.95999999999999996       0.18406216976818959     
  0.97999999999999998       0.18770767703622962     
   1.0000000000000000       0.19134160561780195     
   1.0200000000000000       0.19496373135524045     
   1.0400000000000000       0.19857383081893348     
   1.0600000000000001       0.20217168132110624     
   1.0800000000000001       0.20575706092955712     
   1.1000000000000001       0.20932974848134733     
   1.1200000000000001       0.21288952359644359     
   1.1400000000000001       0.21643616669131197     
   1.1599999999999999       0.21996945899246287     
   1.1799999999999999       0.22348918254994599     
   1.2000000000000000       0.22699512025079457     
   1.2200000000000000       0.23048705583241791     
   1.2400000000000000       0.23396477389594128     
   1.2600000000000000       0.23742805991949303     
   1.2800000000000000       0.24087670027143704     
   1.3000000000000000       0.24431048222355065     
   1.3200000000000001       0.24772919396414664     
   1.3400000000000001       0.25113262461113894     
   1.3600000000000001       0.25452056422505054     
   1.3800000000000001       0.25789280382196383     
   1.4000000000000001       0.26124913538641148     
   1.4199999999999999       0.26458935188420796     
   1.4399999999999999       0.26791324727522026     
   1.4600000000000000       0.27122061652607748     
   1.4800000000000000       0.27451125562281814     
   1.5000000000000000       0.27778496158347482     
   1.5200000000000000       0.28104153247059510     
   1.5400000000000000       0.28428076740369784     
   1.5600000000000001       0.28750246657166439     
   1.5800000000000001       0.29070643124506418     
   1.6000000000000001       0.29389246378841294     
   1.6200000000000001       0.29706036767236388     
   1.6400000000000001       0.30020994748583063     
   1.6600000000000001       0.30334100894804111     
   1.6799999999999999       0.30645335892052150     
   1.7000000000000000       0.30954680541901003     
   1.7200000000000000       0.31262115762529952     
   1.7400000000000000       0.31567622589900790     
   1.7600000000000000       0.31871182178927598     
   1.7800000000000000       0.32172775804639225     
   1.8000000000000000       0.32472384863334308     
   1.8200000000000001       0.32769990873728833     
   1.8400000000000001       0.33065575478096171     
   1.8600000000000001       0.33359120443399454     
   1.8800000000000001       0.33650607662416265     
   1.9000000000000001       0.33940019154855589     
   1.9199999999999999       0.34227337068466918     
   1.9399999999999999       0.34512543680141455     
   1.9600000000000000       0.34795621397005366     
   1.9800000000000000       0.35076552757504992     
   2.0000000000000000       0.35355320432483950     
   2.0200000000000000       0.35631907226252074     
   2.0400000000000000       0.35906296077646144     
   2.0600000000000001       0.36178470061082280     
   2.0800000000000001       0.36448412387599993     
   2.1000000000000001       0.36716106405897819     
   2.1200000000000001       0.36981535603360433     
   2.1400000000000001       0.37244683607077239     
   2.1600000000000001       0.37505534184852307     
   2.1800000000000002       0.37764071246205683     
   2.2000000000000002       0.38020278843365884     
   2.2200000000000002       0.38274141172253667     
   2.2400000000000002       0.38525642573456870     
   2.2600000000000002       0.38774767533196386     
   2.2800000000000002       0.39021500684283111     
   2.3000000000000003       0.39265826807065840     
   2.3199999999999998       0.39507730830370136     
   2.3399999999999999       0.39747197832427944     
   2.3599999999999999       0.39984213041798072     
   2.3799999999999999       0.40218761838277334     
   2.3999999999999999       0.40450829753802403     
   2.4199999999999999       0.40680402473342270     
   2.4399999999999999       0.40907465835781254     
   2.4600000000000000       0.41132005834792557     
   2.4800000000000000       0.41354008619702187     
   2.5000000000000000       0.41573460496343373     
   2.5200000000000000       0.41790347927901278     
   2.5400000000000000       0.42004657535747991     
   2.5600000000000001       0.42216376100267816     
   2.5800000000000001       0.42425490561672696     
   2.6000000000000001       0.42631988020807793     
   2.6200000000000001       0.42835855739947215     
   2.6400000000000001       0.43037081143579670     
   2.6600000000000001       0.43235651819184251     
   2.6800000000000002       0.43431555517996046     
   2.7000000000000002       0.43624780155761733     
   2.7200000000000002       0.43815313813484963     
   2.7400000000000002       0.44003144738161604     
   2.7600000000000002       0.44188261343504709     
   2.7800000000000002       0.44370652210659234     
   2.8000000000000003       0.44550306088906355     
   2.8199999999999998       0.44727211896357522     
   2.8399999999999999       0.44901358720638007     
   2.8599999999999999       0.45072735819560050     
   2.8799999999999999       0.45241332621785463     
   2.8999999999999999       0.45407138727477736     
   2.9199999999999999       0.45570143908943550     
   2.9399999999999999       0.45730338111263663     
   2.9600000000000000       0.45887711452913149     
   2.9800000000000000       0.46042254226370932     
   3.0000000000000000       0.46193956898718586     
   3.0200000000000000       0.46342810112228372     
   3.0400000000000000       0.46488804684940482     
   3.0600000000000001       0.46631931611229416     
   3.0800000000000001       0.46772182062359463     
   3.1000000000000001       0.46909547387029349     
   3.1200000000000001       0.47044019111905844     
   3.1400000000000001       0.47175588942146479     
   3.1600000000000001       0.47304248761911177     
   3.1800000000000002       0.47429990634862879     
   3.2000000000000002       0.47552806804657116     
   3.2200000000000002       0.47672689695420423     
   3.2400000000000002       0.47789631912217700     
   3.2600000000000002       0.47903626241508335     
   3.2800000000000002       0.48014665651591149     
   3.3000000000000003       0.48122743293038184     
   3.3200000000000003       0.48227852499117213     
   3.3399999999999999       0.48329986786202916     
   3.3599999999999999       0.48429139854176900     
   3.3799999999999999       0.48525305586816231     
   3.3999999999999999       0.48618478052170805     
   3.4199999999999999       0.48708651502929184     
   3.4399999999999999       0.48795820376773147     
   3.4600000000000000       0.48879979296720810     
   3.4800000000000000       0.48961123071458279     
   3.5000000000000000       0.49039246695659888     
   3.5200000000000000       0.49114345350296962     
   3.5400000000000000       0.49186414402935036     
   3.5600000000000001       0.49255449408019658     
   3.5800000000000001       0.49321446107150574     
   3.6000000000000001       0.49384400429344433     
   3.6200000000000001       0.49444308491285865     
   3.6400000000000001       0.49501166597567070     
   3.6600000000000001       0.49554971240915735     
   3.6800000000000002       0.49605719102411383     
   3.7000000000000002       0.49653407051690113     
   3.7200000000000002       0.49698032147137694     
   3.7400000000000002       0.49739591636070990     
   3.7600000000000002       0.49778082954907804     
   3.7800000000000002       0.49813503729324954     
   3.8000000000000003       0.49845851774404798     
   3.8200000000000003       0.49875125094769956     
   3.8399999999999999       0.49901321884706429     
   3.8599999999999999       0.49924440528274955     
   3.8799999999999999       0.49944479599410713     
   3.8999999999999999       0.49961437862011271     
   3.9199999999999999       0.49975314270012855     
   3.9399999999999999       0.49986107967454835     
   3.9600000000000000       0.49993818288532593     
   3.9800000000000000       0.49998444757638516     
   4.0000000000000000       0.49999987089391384     
   4.0200000000000005       0.49998445188653956     
   4.0400000000000000       0.49993819150538837     
   4.0600000000000005       0.49986109260402622     
   4.0800000000000001       0.49975315993828290     
   4.0999999999999996       0.49961440016595848     
   4.1200000000000001       0.49944482184641303     
   4.1399999999999997       0.49924443544003821     
   4.1600000000000001       0.49901325330761231     
   4.1799999999999997       0.49875128970953764     
   4.2000000000000002       0.49845856080496093     
   4.2199999999999998       0.49813508465077666     
   4.2400000000000002       0.49778088120051289     
   4.2599999999999998       0.49739597230310079     
   4.2800000000000002       0.49698038170152686     
   4.2999999999999998       0.49653413503136812     
   4.3200000000000003       0.49605725981921089     
   4.3399999999999999       0.49554978548095313     
   4.3600000000000003       0.49501174331998926     
   4.3799999999999999       0.49444316652528003     
   4.4000000000000004       0.49384409016930442     
   4.4199999999999999       0.49321455120589691     
   4.4400000000000004       0.49255458846796779     
   4.4600000000000000       0.49186424266510753     
   4.4800000000000004       0.49114355638107582     
   4.5000000000000000       0.49039257407117481     
   4.5200000000000005       0.48961134205950690     
   4.5400000000000000       0.48879990853611716     
   4.5600000000000005       0.48795832355402075     
   4.5800000000000001       0.48708663902611560     
   4.6000000000000005       0.48618490872197995     
   4.6200000000000001       0.48525318826455571     
   4.6399999999999997       0.48429153512671724     
   4.6600000000000001       0.48330000862772665     
   4.6799999999999997       0.48227866992957386     
   4.7000000000000002       0.48122758203320454     
   4.7199999999999998       0.48014680977463370     
   4.7400000000000002       0.47903641982094614     
   4.7599999999999998       0.47789648066618451     
   4.7800000000000002       0.47672706262712378     
   4.7999999999999998       0.47552823783893416     
   4.8200000000000003       0.47430008025073128     
   4.8399999999999999       0.47304266562101477     
   4.8600000000000003       0.47175607151299498     
   4.8799999999999999       0.47044037728980870     
   4.9000000000000004       0.46909566410962344     
   4.9199999999999999       0.46772201492063148     
   4.9400000000000004       0.46631951445593295     
   4.9600000000000000       0.46488824922830935     
   4.9800000000000004       0.46342830752488701     
   5.0000000000000000       0.46193977940169095     
   5.0200000000000005       0.46042275667808991     
   5.0400000000000000       0.45887733293113242     
   5.0600000000000005       0.45730360348977495     
   5.0800000000000001       0.45570166542900087     
   5.1000000000000005       0.45407161756383285     
   5.1200000000000001       0.45241356044323761     
   5.1399999999999997       0.45072759634392323     
   5.1600000000000001       0.44901382926403044     
   5.1799999999999997       0.44727236491671751     
   5.2000000000000002       0.44550331072363936     
   5.2199999999999998       0.44370677580832119     
   5.2400000000000002       0.44188287098942752     
   5.2599999999999998       0.44003170877392606     
   5.2800000000000002       0.43815340335014796     
   5.2999999999999998       0.43624807058074405     
   5.3200000000000003       0.43431582799553781     
   5.3399999999999999       0.43235679478427569     
   5.3600000000000003       0.43037109178927507     
   5.3799999999999999       0.42835884149796982     
   5.4000000000000004       0.42632016803535489     
   5.4199999999999999       0.42425519715632981     
   5.4400000000000004       0.42216405623794134     
   5.4600000000000000       0.42004687427152620     
   5.4800000000000004       0.41790378185475457     
   5.5000000000000000       0.41573491118357403     
   5.5200000000000005       0.41354039604405501     
   5.5400000000000000       0.41132037180413861     
   5.5600000000000005       0.40907497540528598     
   5.5800000000000001       0.40680434535403137     
   5.6000000000000005       0.40450862171343860     
   5.6200000000000001       0.40218794609446096     
   5.6399999999999997       0.39984246164720610     
   5.6600000000000001       0.39747231305210606     
   5.6799999999999997       0.39507764651099242     
   5.7000000000000002       0.39265860973807809     
   5.7199999999999998       0.39021535195084545     
   5.7400000000000002       0.38774802386084212     
   5.7599999999999998       0.38525677766438415     
   5.7800000000000002       0.38274176703316809     
   5.7999999999999998       0.38020314710479142     
   5.8200000000000003       0.37764107447318335     
   5.8399999999999999       0.37505570717894521     
   5.8600000000000003       0.37244720469960163     
   5.8799999999999999       0.36981572793976347     
   5.9000000000000004       0.36716143922120237     
   5.9199999999999999       0.36448450227283774     
   5.9400000000000004       0.36178508222063777     
   5.9600000000000000       0.35906334557743302     
   5.9800000000000004       0.35631946023264566     
   6.0000000000000000       0.35355359544193288     
   6.0200000000000005       0.35076592181674687     
   6.0400000000000000       0.34795661131381017     
   6.0600000000000005       0.34512583722450896     
   6.0800000000000001       0.34227377416420340     
   6.1000000000000005       0.33940059806145684     
   6.1200000000000001       0.33650648614718337     
   6.1400000000000006       0.33359161694371570     
   6.1600000000000001       0.33065617025379279     
   6.1799999999999997       0.32770032714946901     
   6.2000000000000002       0.32472426996094467     
   6.2199999999999998       0.32172818226531896     
   6.2400000000000002       0.31871224887526628     
   6.2599999999999998       0.31567665582763593     
   6.2800000000000002       0.31262159037197657     
   6.2999999999999998       0.30954724095898573     
   6.3200000000000003       0.30645379722888533     
   6.3399999999999999       0.30334144999972396     
   6.3600000000000003       0.30021039125560600     
   6.3799999999999999       0.29706081413484947     
   6.4000000000000004       0.29389291291807196     
   6.4199999999999999       0.29070688301620695     
   6.4400000000000004       0.28750292095844970     
   6.4600000000000000       0.28428122438013442     
   6.4800000000000004       0.28104199201054320     
   6.5000000000000000       0.27778542366064757     
   6.5200000000000005       0.27451172021078302     
   6.5400000000000000       0.27122108359825797     
   6.5600000000000005       0.26791371680489734     
   6.5800000000000001       0.26458982384452145     
   6.6000000000000005       0.26124960975036171     
   6.6200000000000001       0.25789328056241312     
   6.6400000000000006       0.25452104331472480     
   6.6600000000000001       0.25113310602262923     
   6.6799999999999997       0.24772967766991069     
   6.7000000000000002       0.24431096819591439     
   6.7199999999999998       0.24087718848259621     
   6.7400000000000002       0.23742855034151475     
   6.7599999999999998       0.23396526650076568     
   6.7800000000000002       0.23048755059185963     
   6.7999999999999998       0.22699561713654454     
   6.8200000000000003       0.22348968153357282     
   6.8399999999999999       0.21996996004541464     
   6.8600000000000003       0.21643666978491777     
   6.8799999999999999       0.21289002870191517     
   6.9000000000000004       0.20933025556978072     
   6.9199999999999999       0.20575756997193428     
   6.9400000000000004       0.20217219228829678     
   6.9600000000000000       0.19857434368169616     
   6.9800000000000004       0.19496424608422500     
   7.0000000000000000       0.19134212218355071     
   7.0200000000000005       0.18770819540917916     
   7.0400000000000000       0.18406268991867239     
   7.0600000000000005       0.18040583058382167     
   7.0800000000000001       0.17673784297677628     
   7.1000000000000005       0.17305895335612911     
   7.1200000000000001       0.16936938865296017     
   7.1400000000000006       0.16566937645683821     
   7.1600000000000001       0.16195914500178202     
   7.1799999999999997       0.15823892315218191     
   7.2000000000000002       0.15450894038868226     
   7.2199999999999998       0.15076942679402608     
   7.2400000000000002       0.14702061303886244     
   7.2599999999999998       0.14326273036751766     
   7.2800000000000002       0.13949601058373101     
   7.2999999999999998       0.13572068603635606     
   7.3200000000000003       0.13193698960502820     
   7.3399999999999999       0.12814515468579968     
   7.3600000000000003       0.12434541517674254     
   7.3799999999999999       0.12053800546352075     
   7.4000000000000004       0.11672316040493216     
   7.4199999999999999       0.11290111531842140     
   7.4400000000000004       0.10907210596556426     
   7.4600000000000000       0.10523636853752492     
   7.4800000000000004       0.10139413964048659     
   7.5000000000000000        9.7545656281056464E-002
   7.5200000000000005        9.3691155851646099E-002
   7.5400000000000000        8.9830876115827921E-002
   7.5600000000000005        8.5965055193668885E-002
   7.5800000000000001        8.2093931547042059E-002
   7.6000000000000005        7.8217743964917236E-002
   7.6200000000000001        7.4336731548631338E-002
   7.6400000000000006        7.0451133697139456E-002
   7.6600000000000001        6.6561190092247632E-002
   7.6799999999999997        6.2667140683828199E-002
   7.7000000000000002        5.8769225675018556E-002
   7.7199999999999998        5.4867685507404243E-002
   7.7400000000000002        5.0962760846187456E-002
   7.7599999999999998        4.7054692565341678E-002
   7.7800000000000002        4.3143721732753437E-002
   7.7999999999999998        3.9230089595352118E-002
   7.8200000000000003        3.5314037564228733E-002
   7.8399999999999999        3.1395807199744531E-002
   7.8600000000000003        2.7475640196630475E-002
   7.8799999999999999        2.3553778369078349E-002
   7.9000000000000004        1.9630463635824536E-002
   7.9199999999999999        1.5705938005227345E-002
   7.9400000000000004        1.1780443560338810E-002
   7.9600000000000000        7.8542224439718707E-003
   7.9800000000000004        3.9275168437638806E-003
   8.0000000000000000        5.6897723733771763E-007
 
 
   17.602674111840468        7.2468158039597913E-007
   0.0000000000000000        0.0000000000000000     
   2.0000000000000000E-002   3.9269481312560368E-003
   4.0000000000000001E-002   7.8536540287833436E-003
   5.9999999999999998E-002   1.1779875475041370E-002
   8.0000000000000002E-002   1.5705370282372857E-002
  0.10000000000000001        1.9629896307943095E-002
  0.12000000000000000        2.3553211468676446E-002
  0.14000000000000001        2.7475073756189124E-002
  0.16000000000000000        3.1395241251717429E-002
  0.17999999999999999        3.5313472141040414E-002
  0.20000000000000001        3.9229524729396108E-002
  0.22000000000000000        4.3143157456390392E-002
  0.23999999999999999        4.7054128910897566E-002
  0.26000000000000001        5.0962197845951691E-002
  0.28000000000000003        5.4867123193627867E-002
  0.29999999999999999        5.8768664079912408E-002
  0.32000000000000001        6.2666579839561060E-002
  0.34000000000000002        6.6560630030944368E-002
  0.35999999999999999        7.0450574450879253E-002
  0.38000000000000000        7.4336173149445836E-002
  0.40000000000000002        7.8217186444788714E-002
  0.41999999999999998        8.2093374937901586E-002
  0.44000000000000000        8.5964499527394572E-002
  0.46000000000000002        8.9830321424243062E-002
  0.47999999999999998        9.3690602166517312E-002
  0.50000000000000000        9.7545103634091967E-002
  0.52000000000000002       0.10139358806333437     
  0.54000000000000004       0.10523581806177090     
  0.56000000000000005       0.10907155662273055     
  0.57999999999999996       0.11290056713996444     
  0.59999999999999998       0.11672261342224098     
  0.62000000000000000       0.12053745970791514     
  0.64000000000000001       0.12434487067947132     
  0.66000000000000003       0.12814461147803891     
  0.68000000000000005       0.13193644771787938     
  0.70000000000000007       0.13572014550084435     
  0.71999999999999997       0.13949547143080351     
  0.73999999999999999       0.14326219262804160     
  0.76000000000000001       0.14702007674362350     
  0.78000000000000003       0.15076889197372653     
  0.80000000000000004       0.15450840707393931     
  0.82000000000000006       0.15823839137352594     
  0.83999999999999997       0.16195861478965479     
  0.85999999999999999       0.16566884784159117     
  0.88000000000000000       0.16936886166485274     
  0.90000000000000002       0.17305842802532695     
  0.92000000000000004       0.17673731933334955     
  0.94000000000000006       0.18040530865774340     
  0.95999999999999996       0.18406216973981671     
  0.97999999999999998       0.18770767700731952     
   1.0000000000000000       0.19134160558835839     
   1.0200000000000000       0.19496373132526720     
   1.0400000000000000       0.19857383078843449     
   1.0600000000000001       0.20217168129008548     
   1.0800000000000001       0.20575706089801862     
   1.1000000000000001       0.20932974844929528     
   1.1200000000000001       0.21288952356388224     
   1.1400000000000001       0.21643616665824564     
   1.1599999999999999       0.21996945895889594     
   1.1799999999999999       0.22348918251588301     
   1.2000000000000000       0.22699512021624013     
   1.2200000000000000       0.23048705579737666     
   1.2400000000000000       0.23396477386041800     
   1.2600000000000000       0.23742805988349255     
   1.2800000000000000       0.24087670023496427     
   1.3000000000000000       0.24431048218661058     
   1.3200000000000001       0.24772919392674436     
   1.3400000000000001       0.25113262457327962     
   1.3600000000000001       0.25452056418673941     
   1.3800000000000001       0.25789280378320623     
   1.4000000000000001       0.26124913534721284     
   1.4199999999999999       0.26458935184457372     
   1.4399999999999999       0.26791324723515597     
   1.4600000000000000       0.27122061648558876     
   1.4800000000000000       0.27451125558191075     
   1.5000000000000000       0.27778496154215460     
   1.5200000000000000       0.28104153242886787     
   1.5400000000000000       0.28428076736156960     
   1.5600000000000001       0.28750246652914113     
   1.5800000000000001       0.29070643120215200     
   1.6000000000000001       0.29389246374511802     
   1.6200000000000001       0.29706036762869248     
   1.6400000000000001       0.30020994744178908     
   1.6600000000000001       0.30334100890363580     
   1.6799999999999999       0.30645335887575886     
   1.7000000000000000       0.30954680537389662     
   1.7200000000000000       0.31262115757984188     
   1.7400000000000000       0.31567622585321276     
   1.7600000000000000       0.31871182174315005     
   1.7800000000000000       0.32172775799994235     
   1.8000000000000000       0.32472384858657605     
   1.8200000000000001       0.32769990869021115     
   1.8400000000000001       0.33065575473358144     
   1.8600000000000001       0.33359120438631823     
   1.8800000000000001       0.33650607657619741     
   1.9000000000000001       0.33940019150030898     
   1.9199999999999999       0.34227337063614782     
   1.9399999999999999       0.34512543675262614     
   1.9600000000000000       0.34795621392100562     
   1.9800000000000000       0.35076552752574969     
   2.0000000000000000       0.35355320427529457     
   2.0200000000000000       0.35631907221273873     
   2.0400000000000000       0.35906296072644994     
   2.0600000000000001       0.36178470056058953     
   2.0800000000000001       0.36448412382555267     
   2.1000000000000001       0.36716106400832471     
   2.1200000000000001       0.36981535598275256     
   2.1400000000000001       0.37244683601973017     
   2.1600000000000001       0.37505534179729844     
   2.1800000000000002       0.37764071241065778     
   2.2000000000000002       0.38020278838209343     
   2.2200000000000002       0.38274141167081305     
   2.2400000000000002       0.38525642568269508     
   2.2600000000000002       0.38774767527994852     
   2.2800000000000002       0.39021500679068227     
   2.3000000000000003       0.39265826801838449     
   2.3199999999999998       0.39507730825131077     
   2.3399999999999999       0.39747197827178060     
   2.3599999999999999       0.39984213036538202     
   2.3799999999999999       0.40218761833008337     
   2.3999999999999999       0.40450829748525136     
   2.4199999999999999       0.40680402468057586     
   2.4399999999999999       0.40907465830490036     
   2.4600000000000000       0.41132005829495666     
   2.4800000000000000       0.41354008614400500     
   2.5000000000000000       0.41573460491037778     
   2.5200000000000000       0.41790347922592641     
   2.5400000000000000       0.42004657530437206     
   2.5600000000000001       0.42216376094955771     
   2.5800000000000001       0.42425490556360274     
   2.6000000000000001       0.42631988015495903     
   2.6200000000000001       0.42835855734636746     
   2.6400000000000001       0.43037081138271543     
   2.6600000000000001       0.43235651813879372     
   2.6800000000000002       0.43431555512695325     
   2.7000000000000002       0.43624780150466075     
   2.7200000000000002       0.43815313808195294     
   2.7400000000000002       0.44003144732878846     
   2.7600000000000002       0.44188261338229784     
   2.7800000000000002       0.44370652205393069     
   2.8000000000000003       0.44550306083649871     
   2.8199999999999998       0.44727211891111657     
   2.8399999999999999       0.44901358715403694     
   2.8599999999999999       0.45072735814338216     
   2.8799999999999999       0.45241332616577046     
   2.8999999999999999       0.45407138722283680     
   2.9199999999999999       0.45570143903764804     
   2.9399999999999999       0.45730338106101176     
   2.9600000000000000       0.45887711447767859     
   2.9800000000000000       0.46042254221243789     
   3.0000000000000000       0.46193956893610538     
   3.0200000000000000       0.46342810107140370     
   3.0400000000000000       0.46488804679873486     
   3.0600000000000001       0.46631931606184368     
   3.0800000000000001       0.46772182057337325     
   3.1000000000000001       0.46909547382031080     
   3.1200000000000001       0.47044019106932411     
   3.1400000000000001       0.47175588937198826     
   3.1600000000000001       0.47304248756990269     
   3.1800000000000002       0.47429990629969676     
   3.2000000000000002       0.47552806799792580     
   3.2200000000000002       0.47672689690585524     
   3.2400000000000002       0.47789631907413394     
   3.2600000000000002       0.47903626236735580     
   3.2800000000000002       0.48014665646850913     
   3.3000000000000003       0.48122743288331443     
   3.3200000000000003       0.48227852494444912     
   3.3399999999999999       0.48329986781566031     
   3.3599999999999999       0.48429139849576380     
   3.3799999999999999       0.48525305582253064     
   3.3999999999999999       0.48618478047645941     
   3.4199999999999999       0.48708651498443589     
   3.4399999999999999       0.48795820372327781     
   3.4600000000000000       0.48879979292316633     
   3.4800000000000000       0.48961123067096252     
   3.5000000000000000       0.49039246691340982     
   3.5200000000000000       0.49114345346022126     
   3.5400000000000000       0.49186414398705236     
   3.5600000000000001       0.49255449403835844     
   3.5800000000000001       0.49321446103013711     
   3.6000000000000001       0.49384400425255470     
   3.6200000000000001       0.49444308487245764     
   3.6400000000000001       0.49501166593576773     
   3.6600000000000001       0.49554971236976203     
   3.6800000000000002       0.49605719098523565     
   3.7000000000000002       0.49653407047854958     
   3.7200000000000002       0.49698032143356136     
   3.7400000000000002       0.49739591632343977     
   3.7600000000000002       0.49778082951236269     
   3.7800000000000002       0.49813503725709851     
   3.8000000000000003       0.49845851770847055     
   3.8200000000000003       0.49875125091270506     
   3.8399999999999999       0.49901321881266203     
   3.8599999999999999       0.49924440524894886     
   3.8799999999999999       0.49944479596091729     
   3.8999999999999999       0.49961437858754298     
   3.9199999999999999       0.49975314266818810     
   3.9399999999999999       0.49986107964324644     
   3.9600000000000000       0.49993818285467162     
   3.9800000000000000       0.49998444754638754     
   4.0000000000000000       0.49999987086458203     
   4.0200000000000005       0.49998445185788259     
   4.0400000000000000       0.49993819147741531     
   4.0600000000000005       0.49986109257674599     
   4.0800000000000001       0.49975315991170444     
   4.0999999999999996       0.49961440014009079     
   4.1200000000000001       0.49944482182126493     
   4.1399999999999997       0.49924443541561847     
   4.1600000000000001       0.49901325328392970     
   4.1799999999999997       0.49875128968660093     
   4.2000000000000002       0.49845856078277889     
   4.2199999999999998       0.49813508462935774     
   4.2400000000000002       0.49778088117986585     
   4.2599999999999998       0.49739597228323423     
   4.2800000000000002       0.49698038168244923     
   4.2999999999999998       0.49653413501308780     
   4.3200000000000003       0.49605725980173643     
   4.3399999999999999       0.49554978546429279     
   4.3600000000000003       0.49501174330415137     
   4.3799999999999999       0.49444316651027276     
   4.4000000000000004       0.49384409015513608     
   4.4199999999999999       0.49321455119257568     
   4.4400000000000004       0.49255458845550171     
   4.4600000000000000       0.49186424265350470     
   4.4800000000000004       0.49114355637034418     
   4.5000000000000000       0.49039257406132231     
   4.5200000000000005       0.48961134205054135     
   4.5400000000000000       0.48879990852804639     
   4.5600000000000005       0.48795832354685259     
   4.5800000000000001       0.48708663901985760     
   4.6000000000000005       0.48618490871663977     
   4.6200000000000001       0.48525318826014091     
   4.6399999999999997       0.48429153512323553     
   4.6600000000000001       0.48330000862518518     
   4.6799999999999997       0.48227866992798013     
   4.7000000000000002       0.48122758203256583     
   4.7199999999999998       0.48014680977495722     
   4.7400000000000002       0.47903641982223910     
   4.7599999999999998       0.47789648066845397     
   4.7800000000000002       0.47672706263037679     
   4.7999999999999998       0.47552823784317771     
   4.8200000000000003       0.47430008025597220     
   4.8399999999999999       0.47304266562725988     
   4.8600000000000003       0.47175607152025106     
   4.8799999999999999       0.47044037729808230     
   4.9000000000000004       0.46909566411892123     
   4.9199999999999999       0.46772201493095983     
   4.9400000000000004       0.46631951446729841     
   4.9600000000000000       0.46488824924071825     
   4.9800000000000004       0.46342830753834563     
   5.0000000000000000       0.46193977941620545     
   5.0200000000000005       0.46042275669366639     
   5.0400000000000000       0.45887733294777705     
   5.0600000000000005       0.45730360350749355     
   5.0800000000000001       0.45570166544779933     
   5.1000000000000005       0.45407161758371700     
   5.1200000000000001       0.45241356046421310     
   5.1399999999999997       0.45072759636599569     
   5.1600000000000001       0.44901382928720535     
   5.1799999999999997       0.44727236494100037     
   5.2000000000000002       0.44550331074903549     
   5.2199999999999998       0.44370677583483592     
   5.2400000000000002       0.44188287101706597     
   5.2599999999999998       0.44003170880269338     
   5.2800000000000002       0.43815340338004910     
   5.2999999999999998       0.43624807061178383     
   5.3200000000000003       0.43431582802772106     
   5.3399999999999999       0.43235679481760719     
   5.3600000000000003       0.43037109182375938     
   5.3799999999999999       0.42835884153361153     
   5.4000000000000004       0.42632016807215845     
   5.4199999999999999       0.42425519719429955     
   5.4400000000000004       0.42216405627708148     
   5.4600000000000000       0.42004687431184085     
   5.4800000000000004       0.41790378189624783     
   5.5000000000000000       0.41573491122624984     
   5.5200000000000005       0.41354039608791732     
   5.5400000000000000       0.41132037184919107     
   5.5600000000000005       0.40907497545153226     
   5.5800000000000001       0.40680434540147503     
   5.6000000000000005       0.40450862176208308     
   5.6200000000000001       0.40218794614430953     
   5.6399999999999997       0.39984246169826215     
   5.6600000000000001       0.39747231310437259     
   5.6799999999999997       0.39507764656447253     
   5.7000000000000002       0.39265860979277467     
   5.7199999999999998       0.39021535200676138     
   5.7400000000000002       0.38774802391798013     
   5.7599999999999998       0.38525677772274691     
   5.7800000000000002       0.38274176709275798     
   5.7999999999999998       0.38020314716561088     
   5.8200000000000003       0.37764107453523477     
   5.8399999999999999       0.37505570724223070     
   5.8600000000000003       0.37244720476412335     
   5.8799999999999999       0.36981572800552337     
   5.9000000000000004       0.36716143928820222     
   5.9199999999999999       0.36448450234107932     
   5.9400000000000004       0.36178508229012274     
   5.9600000000000000       0.35906334564816289     
   5.9800000000000004       0.35631946030462180     
   6.0000000000000000       0.35355359551515675     
   6.0200000000000005       0.35076592189121952     
   6.0400000000000000       0.34795661138953277     
   6.0600000000000005       0.34512583730148244     
   6.0800000000000001       0.34227377424242861     
   6.1000000000000005       0.33940059814093448     
   6.1200000000000001       0.33650648622791418     
   6.1400000000000006       0.33359161702570012     
   6.1600000000000001       0.33065617033703121     
   6.1799999999999997       0.32770032723396170     
   6.2000000000000002       0.32472427004669180     
   6.2199999999999998       0.32172818235232059     
   6.2400000000000002       0.31871224896352240     
   6.2599999999999998       0.31567665591714628     
   6.2800000000000002       0.31262159046274079     
   6.2999999999999998       0.30954724105100351     
   6.3200000000000003       0.30645379732215616     
   6.3399999999999999       0.30334145009424712     
   6.3600000000000003       0.30021039135138078     
   6.3799999999999999       0.29706081423187486     
   6.4000000000000004       0.29389291301634701     
   6.4199999999999999       0.29070688311573062     
   6.4400000000000004       0.28750292105922065     
   6.4600000000000000       0.28428122448215132     
   6.4800000000000004       0.28104199211380454     
   6.5000000000000000       0.27778542376515170     
   6.5200000000000005       0.27451172031652826     
   6.5400000000000000       0.27122108370524250     
   6.5600000000000005       0.26791371691311916     
   6.5800000000000001       0.26458982395397845     
   6.6000000000000005       0.26124960986105167     
   6.6200000000000001       0.25789328067433376     
   6.6400000000000006       0.25452104342787368     
   6.6600000000000001       0.25113310613700374     
   6.6799999999999997       0.24772967778550811     
   6.7000000000000002       0.24431096831273191     
   6.7199999999999998       0.24087718860063093     
   6.7400000000000002       0.23742855046076361     
   6.7599999999999998       0.23396526662122547     
   6.7800000000000002       0.23048755071352708     
   6.7999999999999998       0.22699561725941617     
   6.8200000000000003       0.22348968165764510     
   6.8399999999999999       0.21996996017068390     
   6.8600000000000003       0.21643666991138022     
   6.8799999999999999       0.21289002882956692     
   6.9000000000000004       0.20933025569861771     
   6.9199999999999999       0.20575757010195239     
   6.9400000000000004       0.20217219241949169     
   6.9600000000000000       0.19857434381406353     
   6.9800000000000004       0.19496424621776029     
   7.0000000000000000       0.19134212231824929     
   7.0200000000000005       0.18770819554503620     
   7.0400000000000000       0.18406269005568307     
   7.0600000000000005       0.18040583072198094     
   7.0800000000000001       0.17673784311607901     
   7.1000000000000005       0.17305895349657011     
   7.1200000000000001       0.16936938879453403     
   7.1400000000000006       0.16566937659953940     
   7.1600000000000001       0.16195914514560497     
   7.1799999999999997       0.15823892329712089     
   7.2000000000000002       0.15450894053473138     
   7.2199999999999998       0.15076942694117940     
   7.2400000000000002       0.14702061318711385     
   7.2599999999999998       0.14326273051686095     
   7.2800000000000002       0.13949601073415988     
   7.2999999999999998       0.13572068618786401     
   7.3200000000000003       0.13193698975760865     
   7.3399999999999999       0.12814515483944597     
   7.3600000000000003       0.12434541533144783     
   7.3799999999999999       0.12053800561927813     
   7.4000000000000004       0.11672316056173460     
   7.4199999999999999       0.11290111547626168     
   7.4400000000000004       0.10907210612443512     
   7.4600000000000000       0.10523636869741894     
   7.4800000000000004       0.10139413980139626     
   7.5000000000000000        9.7545656442974166E-002
   7.5200000000000005        9.3691156014564056E-002
   7.5400000000000000        8.9830876279738292E-002
   7.5600000000000005        8.5965055358563663E-002
   7.5800000000000001        8.2093931712913154E-002
   7.6000000000000005        7.8217744131756445E-002
   7.6200000000000001        7.4336731716430307E-002
   7.6400000000000006        7.0451133865889748E-002
   7.6600000000000001        6.6561190261940684E-002
   7.6799999999999997        6.2667140854455350E-002
   7.7000000000000002        5.8769225846571009E-002
   7.7199999999999998        5.4867685679873095E-002
   7.7400000000000002        5.0962761019563707E-002
   7.7599999999999998        4.7054692739616211E-002
   7.7800000000000002        4.3143721907917008E-002
   7.7999999999999998        3.9230089771395388E-002
   7.8200000000000003        3.5314037741142237E-002
   7.8399999999999999        3.1395807377518715E-002
   7.8600000000000003        2.7475640375255659E-002
   7.8799999999999999        2.3553778548544749E-002
   7.9000000000000004        1.9630463816122257E-002
   7.9199999999999999        1.5705938186346392E-002
   7.9400000000000004        1.1780443742269079E-002
   7.9600000000000000        7.8542226267031487E-003
   7.9800000000000004        3.9275170272858456E-003
   8.0000000000000000        5.6916153956464446E-007
 
 
   17.602682409892658        7.2562027165871956E-007
   0.0000000000000000        0.0000000000000000     
   2.0000000000000000E-002   3.9269481288253154E-003
   4.0000000000000001E-002   7.8536540239189240E-003
   5.9999999999999998E-002   1.1779875467740650E-002
   8.0000000000000002E-002   1.5705370272633613E-002
  0.10000000000000001        1.9629896295763491E-002
  0.12000000000000000        2.3553211454055010E-002
  0.14000000000000001        2.7475073739124771E-002
  0.16000000000000000        3.1395241232209450E-002
  0.17999999999999999        3.5313472119088481E-002
  0.20000000000000001        3.9229524705000282E-002
  0.22000000000000000        4.3143157429551104E-002
  0.23999999999999999        4.7054128881615614E-002
  0.26000000000000001        5.0962197814228276E-002
  0.28000000000000003        5.4867123159464549E-002
  0.29999999999999999        5.8768664043311138E-002
  0.32000000000000001        6.2666579800524161E-002
  0.34000000000000002        6.6560629989474554E-002
  0.35999999999999999        7.0450574406979619E-002
  0.38000000000000000        7.4336173103119851E-002
  0.40000000000000002        7.8217186396040222E-002
  0.41999999999999998        8.2093374886734807E-002
  0.44000000000000000        8.5964499473814113E-002
  0.46000000000000002        8.9830321368253876E-002
  0.47999999999999998        9.3690602108124771E-002
  0.50000000000000000        9.7545103573301803E-002
  0.52000000000000002       0.10139358800015268     
  0.54000000000000004       0.10523581799620416     
  0.56000000000000005       0.10907155655478559     
  0.57999999999999996       0.11290056706964854     
  0.59999999999999998       0.11672261334956174     
  0.62000000000000000       0.12053745963288054     
  0.64000000000000001       0.12434487060208972     
  0.66000000000000003       0.12814461139831901     
  0.68000000000000005       0.13193644763583026     
  0.70000000000000007       0.13572014541647548     
  0.71999999999999997       0.13949547134412477     
  0.73999999999999999       0.14326219253906319     
  0.76000000000000001       0.14702007665235595     
  0.78000000000000003       0.15076889188018081     
  0.80000000000000004       0.15450840697812671     
  0.82000000000000006       0.15823839127545811     
  0.83999999999999997       0.16195861468934375     
  0.85999999999999999       0.16566884773904933     
  0.88000000000000000       0.16936886156009284     
  0.90000000000000002       0.17305842791836212     
  0.92000000000000004       0.17673731922419322     
  0.94000000000000006       0.18040530854640943     
  0.95999999999999996       0.18406216962631927     
  0.97999999999999998       0.18770767689167317     
   1.0000000000000000       0.19134160547057799     
   1.0200000000000000       0.19496373120536800     
   1.0400000000000000       0.19857383066643211     
   1.0600000000000001       0.20217168116599588     
   1.0800000000000001       0.20575706077185804     
   1.1000000000000001       0.20932974832108039     
   1.1200000000000001       0.21288952343363002     
   1.1400000000000001       0.21643616652597339     
   1.1599999999999999       0.21996945882462141     
   1.1799999999999999       0.22348918237962415     
   1.2000000000000000       0.22699512007801526     
   1.2200000000000000       0.23048705565720448     
   1.2400000000000000       0.23396477371831753     
   1.2600000000000000       0.23742805973948308     
   1.2800000000000000       0.24087670008906553     
   1.3000000000000000       0.24431048203884256     
   1.3200000000000001       0.24772919377712746     
   1.3400000000000001       0.25113262442183443     
   1.3600000000000001       0.25452056403348694     
   1.3800000000000001       0.25789280362816780     
   1.4000000000000001       0.26124913519041004     
   1.4199999999999999       0.26458935168602848     
   1.4399999999999999       0.26791324707489056     
   1.4600000000000000       0.27122061632362576     
   1.4800000000000000       0.27451125541827298     
   1.5000000000000000       0.27778496137686526     
   1.5200000000000000       0.28104153226195056     
   1.5400000000000000       0.28428076719304790     
   1.5600000000000001       0.28750246635903931     
   1.5800000000000001       0.29070643103049443     
   1.6000000000000001       0.29389246357192933     
   1.6200000000000001       0.29706036745399772     
   1.6400000000000001       0.30020994726561351     
   1.6600000000000001       0.30334100872600495     
   1.6799999999999999       0.30645335869669860     
   1.7000000000000000       0.30954680519343308     
   1.7200000000000000       0.31262115739800161     
   1.7400000000000000       0.31567622567002229     
   1.7600000000000000       0.31871182155863642     
   1.7800000000000000       0.32172775781413276     
   1.8000000000000000       0.32472384839949808     
   1.8200000000000001       0.32769990850189262     
   1.8400000000000001       0.33065575454405038     
   1.8600000000000001       0.33359120419560290     
   1.8800000000000001       0.33650607638432645     
   1.9000000000000001       0.33940019130731125     
   1.9199999999999999       0.34227337044205236     
   1.9399999999999999       0.34512543655746231     
   1.9600000000000000       0.34795621372480295     
   1.9800000000000000       0.35076552732853805     
   2.0000000000000000       0.35355320407710406     
   2.0200000000000000       0.35631907201359969     
   2.0400000000000000       0.35906296052639297     
   2.0600000000000001       0.36178470035964538     
   2.0800000000000001       0.36448412362375238     
   2.1000000000000001       0.36716106380569952     
   2.1200000000000001       0.36981535577933394     
   2.1400000000000001       0.37244683581554988     
   2.1600000000000001       0.37505534159238835     
   2.1800000000000002       0.37764071220505002     
   2.2000000000000002       0.38020278817582043     
   2.2200000000000002       0.38274141146390733     
   2.2400000000000002       0.38525642547518946     
   2.2600000000000002       0.38774767507187585     
   2.2800000000000002       0.39021500658207581     
   2.3000000000000003       0.39265826780927754     
   2.3199999999999998       0.39507730804173685     
   2.3399999999999999       0.39747197806177353     
   2.3599999999999999       0.39984213015497577     
   2.3799999999999999       0.40218761811931197     
   2.3999999999999999       0.40450829727414911     
   2.4199999999999999       0.40680402446917735     
   2.4399999999999999       0.40907465809324012     
   2.4600000000000000       0.41132005808306954     
   2.4800000000000000       0.41354008593192598     
   2.5000000000000000       0.41573460469814194     
   2.5200000000000000       0.41790347901356917     
   2.5400000000000000       0.42004657509192883     
   2.5600000000000001       0.42216376073706413     
   2.5800000000000001       0.42425490535109450     
   2.6000000000000001       0.42631987994247206     
   2.6200000000000001       0.42835855713393778     
   2.6400000000000001       0.43037081117037917     
   2.6600000000000001       0.43235651792658714     
   2.6800000000000002       0.43431555491491286     
   2.7000000000000002       0.43624780129282315     
   2.7200000000000002       0.43815313787035476     
   2.7400000000000002       0.44003144711746656     
   2.7600000000000002       0.44188261317128913     
   2.7800000000000002       0.44370652184327214     
   2.8000000000000003       0.44550306062622758     
   2.8199999999999998       0.44727211870126998     
   2.8399999999999999       0.44901358694465227     
   2.8599999999999999       0.45072735793449692     
   2.8799999999999999       0.45241332595742217     
   2.8999999999999999       0.45407138701506300     
   2.9199999999999999       0.45570143883048647     
   2.9399999999999999       0.45730338085450017     
   2.9600000000000000       0.45887711427185490     
   2.9800000000000000       0.46042254200733995     
   3.0000000000000000       0.46193956873177122     
   3.0200000000000000       0.46342810086787151     
   3.0400000000000000       0.46488804659604266     
   3.0600000000000001       0.46631931586002973     
   3.0800000000000001       0.46772182037247573     
   3.1000000000000001       0.46909547362036796     
   3.1200000000000001       0.47044019087037420     
   3.1400000000000001       0.47175588917406985     
   3.1600000000000001       0.47304248737305404     
   3.1800000000000002       0.47429990610395639     
   3.2000000000000002       0.47552806780333218     
   3.2200000000000002       0.47672689671244683     
   3.2400000000000002       0.47789631888194933     
   3.2600000000000002       0.47903626217643347     
   3.2800000000000002       0.48014665627888770     
   3.3000000000000003       0.48122743269503238     
   3.3200000000000003       0.48227852475754507     
   3.3399999999999999       0.48329986763017291     
   3.3599999999999999       0.48429139831173157     
   3.3799999999999999       0.48525305563999210     
   3.3999999999999999       0.48618478029545309     
   3.4199999999999999       0.48708651480500037     
   3.4399999999999999       0.48795820354545166     
   3.4600000000000000       0.48879979274698804     
   3.4800000000000000       0.48961123049647054     
   3.5000000000000000       0.49039246674064252     
   3.5200000000000000       0.49114345328921705     
   3.5400000000000000       0.49186414381784954     
   3.5600000000000001       0.49255449387099542     
   3.5800000000000001       0.49321446086465209     
   3.6000000000000001       0.49384400408898593     
   3.6200000000000001       0.49444308471084325     
   3.6400000000000001       0.49501166577614591     
   3.6600000000000001       0.49554971221217076     
   3.6800000000000002       0.49605719082971289     
   3.7000000000000002       0.49653407032513319     
   3.7200000000000002       0.49698032128228925     
   3.7400000000000002       0.49739591617434969     
   3.7600000000000002       0.49778082936549223     
   3.7800000000000002       0.49813503711248519     
   3.8000000000000003       0.49845851756615195     
   3.8200000000000003       0.49875125077271854     
   3.8399999999999999       0.49901321867504478     
   3.8599999999999999       0.49924440511373813     
   3.8799999999999999       0.49944479582815005     
   3.8999999999999999       0.49961437845725620     
   3.9199999999999999       0.49975314254041858     
   3.9399999999999999       0.49986107951803099     
   3.9600000000000000       0.49993818273204677     
   3.9800000000000000       0.49998444742638981     
   4.0000000000000000       0.49999987074724767     
   4.0200000000000005       0.49998445174324785     
   4.0400000000000000       0.49993819136551615     
   4.0600000000000005       0.49986109246761851     
   4.0800000000000001       0.49975315980538426     
   4.0999999999999996       0.49961440003661350     
   4.1200000000000001       0.49944482172066595     
   4.1399999999999997       0.49924443531793311     
   4.1600000000000001       0.49901325318919315     
   4.1799999999999997       0.49875128959484805     
   4.2000000000000002       0.49845856069404443     
   4.2199999999999998       0.49813508454367644     
   4.2400000000000002       0.49778088109727198     
   4.2599999999999998       0.49739597220376208     
   4.2800000000000002       0.49698038160613284     
   4.2999999999999998       0.49653413493996107     
   4.3200000000000003       0.49605725973183301     
   4.3399999999999999       0.49554978539764616     
   4.3600000000000003       0.49501174324079478     
   4.3799999999999999       0.49444316645023922     
   4.4000000000000004       0.49384409009845848     
   4.4199999999999999       0.49321455113928653     
   4.4400000000000004       0.49255458840563343     
   4.4600000000000000       0.49186424260708939     
   4.4800000000000004       0.49114355632741385     
   4.5000000000000000       0.49039257402190872     
   4.5200000000000005       0.48961134201467599     
   4.5400000000000000       0.48879990849576049     
   4.5600000000000005       0.48795832351817708     
   4.5800000000000001       0.48708663899482335     
   4.6000000000000005       0.48618490869527720     
   4.6200000000000001       0.48525318824248037     
   4.6399999999999997       0.48429153510930689     
   4.6600000000000001       0.48330000861501826     
   4.6799999999999997       0.48227866992160434     
   4.7000000000000002       0.48122758203001037     
   4.7199999999999998       0.48014680977625107     
   4.7400000000000002       0.47903641982741085     
   4.7599999999999998       0.47789648067753204     
   4.7800000000000002       0.47672706264338932     
   4.7999999999999998       0.47552823786015241     
   4.8200000000000003       0.47430008027693676     
   4.8399999999999999       0.47304266565224146     
   4.8600000000000003       0.47175607154927651     
   4.8799999999999999       0.47044037733117833     
   4.9000000000000004       0.46909566415611414     
   4.9199999999999999       0.46772201497227572     
   4.9400000000000004       0.46631951451276293     
   4.9600000000000000       0.46488824929035688     
   4.9800000000000004       0.46342830759218340     
   5.0000000000000000       0.46193977947426718     
   5.0200000000000005       0.46042275675597655     
   5.0400000000000000       0.45887733301435968     
   5.0600000000000005       0.45730360357837252     
   5.0800000000000001       0.45570166552299801     
   5.1000000000000005       0.45407161766325860     
   5.1200000000000001       0.45241356054812037     
   5.1399999999999997       0.45072759645429106     
   5.1600000000000001       0.44901382937991102     
   5.1799999999999997       0.44727236503813794     
   5.2000000000000002       0.44550331085062644     
   5.2199999999999998       0.44370677594090130     
   5.2400000000000002       0.44188287112762648     
   5.2599999999999998       0.44003170891776938     
   5.2800000000000002       0.43815340349966059     
   5.2999999999999998       0.43624807073595034     
   5.3200000000000003       0.43431582815646191     
   5.3399999999999999       0.43235679495094126     
   5.3600000000000003       0.43037109196170509     
   5.3799999999999999       0.42835884167618693     
   5.4000000000000004       0.42632016821938135     
   5.4199999999999999       0.42425519734618738     
   5.4400000000000004       0.42216405643365107     
   5.4600000000000000       0.42004687447310896     
   5.4800000000000004       0.41790378206223050     
   5.5000000000000000       0.41573491139696295     
   5.5200000000000005       0.41354039626337624     
   5.5400000000000000       0.41132037202941080     
   5.5600000000000005       0.40907497563652739     
   5.5800000000000001       0.40680434559125978     
   5.6000000000000005       0.40450862195667131     
   5.6200000000000001       0.40218794634371458     
   5.6399999999999997       0.39984246190249695     
   5.6600000000000001       0.39747231331344984     
   5.6799999999999997       0.39507764677840435     
   5.7000000000000002       0.39265861001157276     
   5.7199999999999998       0.39021535223043707     
   5.7400000000000002       0.38774802414654430     
   5.7599999999999998       0.38525677795620994     
   5.7800000000000002       0.38274176733113002     
   5.7999999999999998       0.38020314740890160     
   5.8200000000000003       0.37764107478345327     
   5.8399999999999999       0.37505570749538575     
   5.8600000000000003       0.37244720502222328     
   5.8799999999999999       0.36981572826857601     
   5.9000000000000004       0.36716143955621505     
   5.9199999999999999       0.36448450261405946     
   5.9400000000000004       0.36178508256807657     
   5.9600000000000000       0.35906334593109662     
   5.9800000000000004       0.35631946059254116     
   6.0000000000000000       0.35355359580806683     
   6.0200000000000005       0.35076592218912522     
   6.0400000000000000       0.34795661169243830     
   6.0600000000000005       0.34512583760939169     
   6.0800000000000001       0.34227377455534508     
   6.1000000000000005       0.33940059845886117     
   6.1200000000000001       0.33650648655085347     
   6.1400000000000006       0.33359161735365411     
   6.1600000000000001       0.33065617067000147     
   6.1799999999999997       0.32770032757194939     
   6.2000000000000002       0.32472427038969753     
   6.2199999999999998       0.32172818270034459     
   6.2400000000000002       0.31871224931656433     
   6.2599999999999998       0.31567665627520547     
   6.2800000000000002       0.31262159082581609     
   6.2999999999999998       0.30954724141909312     
   6.3200000000000003       0.30645379769525799     
   6.3399999999999999       0.30334145047235855     
   6.3600000000000003       0.30021039173449870     
   6.3799999999999999       0.29706081461999573     
   6.4000000000000004       0.29389291340946683     
   6.4199999999999999       0.29070688351384477     
   6.4400000000000004       0.28750292146232420     
   6.4600000000000000       0.28428122489023877     
   6.4800000000000004       0.28104199252686995     
   6.5000000000000000       0.27778542418318863     
   6.5200000000000005       0.27451172073952979     
   6.5400000000000000       0.27122108413320128     
   6.5600000000000005       0.26791371734602726     
   6.5800000000000001       0.26458982439182754     
   6.6000000000000005       0.26124961030383292     
   6.6200000000000001       0.25789328112203780     
   6.6400000000000006       0.25452104388049074     
   6.6600000000000001       0.25113310659452348     
   6.6799999999999997       0.24772967824791986     
   6.7000000000000002       0.24431096878002431     
   6.7199999999999998       0.24087718907279226     
   6.7400000000000002       0.23742855093778165     
   6.7599999999999998       0.23396526710308746     
   6.7800000000000002       0.23048755120021980     
   6.7999999999999998       0.22699561775092597     
   6.8200000000000003       0.22348968215395779     
   6.8399999999999999       0.21996996067178479     
   6.8600000000000003       0.21643667041725417     
   6.8799999999999999       0.21289002934019827     
   6.9000000000000004       0.20933025621399032     
   6.9199999999999999       0.20575757062204961     
   6.9400000000000004       0.20217219294429645     
   6.9600000000000000       0.19857434434355820     
   6.9800000000000004       0.19496424675192681     
   7.0000000000000000       0.19134212285706906     
   7.0200000000000005       0.18770819608849024     
   7.0400000000000000       0.18406269060375174     
   7.0600000000000005       0.18040583127464430     
   7.0800000000000001       0.17673784367331649     
   7.1000000000000005       0.17305895405836069     
   7.1200000000000001       0.16936938936085624     
   7.1400000000000006       0.16566937717037131     
   7.1600000000000001       0.16195914572092410     
   7.1799999999999997       0.15823892387690430     
   7.2000000000000002       0.15450894111895566     
   7.2199999999999998       0.15076942752982064     
   7.2400000000000002       0.14702061378014769     
   7.2599999999999998       0.14326273111426252     
   7.2800000000000002       0.13949601133590378     
   7.2999999999999998       0.13572068679392446     
   7.3200000000000003       0.13193699036795939     
   7.3399999999999999       0.12814515545406019     
   7.3600000000000003       0.12434541595029831     
   7.3799999999999999       0.12053800624233713     
   7.4000000000000004       0.11672316118897390     
   7.4199999999999999       0.11290111610765263     
   7.4400000000000004       0.10907210675994856     
   7.4600000000000000       0.10523636933702531     
   7.4800000000000004       0.10139414044506544     
   7.5000000000000000        9.7545657090675614E-002
   7.5200000000000005        9.3691156666266762E-002
   7.5400000000000000        8.9830876935410767E-002
   7.5600000000000005        8.5965056018173974E-002
   7.5800000000000001        8.2093932376428896E-002
   7.6000000000000005        7.8217744799144742E-002
   7.6200000000000001        7.4336732387657853E-002
   7.6400000000000006        7.0451134540922736E-002
   7.6600000000000001        6.6561190940744891E-002
   7.6799999999999997        6.2667141536996082E-002
   7.7000000000000002        5.8769226532813121E-002
   7.7199999999999998        5.4867686369780996E-002
   7.7400000000000002        5.0962761713101358E-002
   7.7599999999999998        4.7054693436747098E-002
   7.7800000000000002        4.3143722608604211E-002
   7.7999999999999998        3.9230090475601519E-002
   7.8200000000000003        3.5314038448829480E-002
   7.8399999999999999        3.1395808088648801E-002
   7.8600000000000003        2.7475641089789893E-002
   7.8799999999999999        2.3553779266443996E-002
   7.9000000000000004        1.9630464537346955E-002
   7.9199999999999999        1.5705938910856539E-002
   7.9400000000000004        1.1780444470024241E-002
   7.9600000000000000        7.8542233576624747E-003
   7.9800000000000004        3.9275177614080566E-003
   8.0000000000000000        5.6989878295998348E-007
 
 
